620, 3.279297, 9.96, -0.41, -0.80, 9.31, -1.30, -1.95 , 1.28, 0.04, 0.16 
627, 3.279297, 9.95, -0.34, -0.85, 9.33, -1.22, -1.90 , 1.28, 0.04, 0.16 
633, 3.279297, 10.02, -0.39, -0.85, 9.33, -1.14, -1.90 , 1.28, 0.04, 0.16 
640, 3.279297, 10.12, -0.35, -0.88, 9.36, -1.09, -1.85 , 1.28, 0.04, 0.16 
647, 3.279297, 10.07, -0.28, -0.86, 9.41, -1.13, -1.94 , 1.28, 0.05, 0.21 
653, 3.279297, 10.12, -0.33, -0.86, 9.40, -1.16, -1.96 , 1.28, 0.04, 0.16 
660, 3.279297, 10.12, -0.24, -0.93, 9.43, -1.21, -1.98 , 1.28, 0.04, 0.16 
666, 3.279297, 10.12, -0.34, -0.82, 9.40, -1.25, -2.02 , 1.28, 0.04, 0.16 
673, 3.279297, 10.20, -0.38, -0.91, 9.44, -1.29, -1.93 , 1.28, 0.04, 0.16 
679, 3.279297, 10.07, -0.41, -0.86, 9.42, -1.32, -1.93 , 1.28, 0.03, 0.11 
686, 3.279297, 10.11, -0.48, -0.90, 9.38, -1.27, -1.94 , 1.28, 0.04, 0.16 
692, 3.279297, 10.11, -0.62, -0.84, 9.23, -1.29, -1.89 , 1.28, 0.04, 0.16 
699, 3.279297, 10.06, -0.61, -0.84, 9.25, -1.30, -1.97 , 1.28, 0.04, 0.16 
705, 3.279297, 9.93, -0.67, -0.75, 9.29, -1.33, -1.85 , 1.28, 0.04, 0.16 
712, 3.279297, 9.99, -0.73, -0.84, 9.26, -1.30, -1.96 , 1.28, 0.04, 0.16 
718, 3.279297, 10.01, -0.70, -0.85, 9.33, -1.30, -1.95 , 1.28, 0.04, 0.16 
725, 3.279297, 10.10, -0.71, -0.74, 9.39, -1.26, -1.96 , 1.28, 0.04, 0.16 
732, 3.279297, 10.12, -0.75, -0.74, 9.43, -1.29, -1.83 , 1.28, 0.05, 0.21 
738, 3.279297, 10.15, -0.79, -0.74, 9.49, -1.21, -1.99 , 1.28, 0.04, 0.16 
745, 3.279297, 10.19, -0.73, -0.75, 9.44, -1.26, -1.91 , 1.28, 0.04, 0.16 
751, 3.279297, 10.15, -0.87, -0.73, 9.41, -1.24, -2.01 , 1.28, 0.04, 0.16 
758, 3.279297, 10.09, -0.75, -0.65, 9.37, -1.33, -1.99 , 1.28, 0.05, 0.21 
764, 3.279297, 10.11, -0.73, -0.76, 9.30, -1.48, -1.94 , 1.28, 0.04, 0.16 
771, 3.279297, 9.97, -0.69, -0.88, 9.20, -1.60, -2.03 , 1.28, 0.04, 0.16 
777, 3.279297, 9.89, -0.77, -0.79, 9.19, -1.69, -1.86 , 1.28, 0.04, 0.16 
784, 3.279297, 9.79, -0.79, -0.79, 9.06, -1.89, -1.93 , 1.28, 0.04, 0.16 
790, 3.279297, 9.75, -0.82, -0.90, 9.03, -2.20, -2.02 , 1.28, 0.04, 0.16 
797, 3.279297, 9.75, -1.12, -0.99, 8.93, -2.46, -2.15 , 1.28, 0.04, 0.16 
803, 3.279297, 9.68, -0.99, -0.94, 8.91, -1.98, -2.05 , 1.28, 0.04, 0.16 
810, 3.279297, 9.69, -0.65, -0.93, 8.99, -1.47, -1.97 , 1.28, 0.05, 0.21 
816, 3.279297, 9.89, -0.49, -0.94, 9.14, -1.31, -1.99 , 1.28, 0.04, 0.16 
823, 3.279297, 9.88, -0.59, -0.91, 9.19, -1.71, -2.13 , 1.28, 0.04, 0.16 
829, 3.279297, 10.04, -1.02, -1.03, 9.25, -2.09, -1.95 , 1.28, 0.04, 0.16 
836, 3.279297, 10.05, -1.00, -0.94, 9.23, -1.91, -2.15 , 1.28, 0.04, 0.16 
843, 3.279297, 10.11, -0.82, -0.93, 9.31, -1.83, -2.06 , 1.28, 0.07, 0.26 
849, 3.279297, 10.11, -0.83, -0.99, 9.26, -1.96, -2.09 , 1.28, 0.04, 0.16 
856, 3.279297, 10.08, -0.72, -0.97, 9.37, -1.91, -1.98 , 1.28, 0.05, 0.21 
862, 3.279297, 10.12, -0.95, -0.81, 9.30, -1.75, -1.95 , 1.28, 0.04, 0.16 
869, 3.279297, 10.01, -0.80, -0.84, 9.32, -1.83, -1.99 , 1.28, 0.04, 0.16 
875, 3.279297, 10.08, -0.83, -0.70, 9.22, -1.70, -1.92 , 1.28, 0.04, 0.16 
882, 3.279297, 9.97, -0.82, -0.76, 9.26, -1.74, -1.98 , 1.28, 0.07, 0.26 
888, 3.279297, 9.95, -0.87, -0.73, 9.24, -1.68, -1.93 , 1.28, 0.04, 0.16 
895, 3.279297, 9.87, -0.80, -0.73, 9.20, -1.64, -2.03 , 1.28, 0.04, 0.16 
901, 3.279297, 9.90, -0.96, -0.70, 9.09, -1.54, -1.94 , 1.28, 0.04, 0.16 
908, 3.279297, 9.90, -0.96, -0.72, 9.19, -1.53, -1.98 , 1.28, 0.04, 0.16 
914, 3.279297, 9.86, -0.70, -0.82, 9.09, -1.60, -2.02 , 1.28, 0.04, 0.16 
921, 3.279297, 9.87, -0.70, -0.80, 9.10, -1.52, -1.99 , 1.28, 0.05, 0.21 
927, 3.279297, 9.98, -0.65, -0.82, 9.13, -1.56, -2.02 , 1.28, 0.04, 0.16 
934, 3.279297, 9.85, -0.58, -0.83, 9.20, -1.50, -2.00 , 1.28, 0.04, 0.16 
940, 3.279297, 10.04, -0.59, -0.85, 9.22, -1.53, -2.06 , 1.28, 0.04, 0.16 
947, 3.279297, 10.01, -0.51, -0.85, 9.26, -1.51, -2.02 , 1.28, 0.04, 0.16 
953, 3.279297, 10.05, -0.43, -0.86, 9.25, -1.61, -2.12 , 1.28, 0.04, 0.16 
960, 3.279297, 10.05, -0.35, -0.95, 9.34, -1.53, -2.09 , 1.28, 0.05, 0.21 
966, 3.279297, 10.06, -0.27, -0.89, 9.37, -1.54, -2.13 , 1.28, 0.04, 0.16 
973, 3.279297, 10.11, -0.26, -0.99, 9.40, -1.53, -2.10 , 1.28, 0.04, 0.16 
980, 3.279297, 10.06, -0.28, -0.89, 9.34, -1.53, -2.04 , 1.28, 0.08, 0.30 
986, 3.279297, 10.02, -0.25, -0.84, 9.30, -1.54, -2.01 , 1.28, 0.04, 0.16 
993, 3.279297, 10.02, -0.28, -0.97, 9.39, -1.64, -1.94 , 1.28, 0.04, 0.16 
999, 3.279297, 10.09, -0.53, -0.91, 9.19, -1.37, -1.81 , 1.28, 0.04, 0.16 
1006, 3.279297, 9.98, -0.49, -0.97, 9.31, -1.21, -2.04 , 1.28, 0.03, 0.11 
1012, 3.279297, 9.98, -0.38, -0.93, 9.25, -1.28, -2.01 , 1.28, 0.04, 0.16 
1019, 3.279297, 9.98, -0.43, -0.95, 9.17, -1.14, -2.06 , 1.28, 0.04, 0.16 
1025, 3.279297, 9.89, -0.43, -0.95, 9.30, -1.11, -2.08 , 1.28, 0.04, 0.16 
1032, 3.279297, 9.91, -0.42, -0.89, 9.26, -1.23, -2.23 , 1.28, 0.04, 0.16 
1038, 3.279297, 9.87, -0.40, -0.82, 9.31, -1.13, -2.26 , 1.28, 0.04, 0.16 
1045, 3.279297, 10.03, -0.39, -0.95, 9.25, -1.23, -2.18 , 1.28, 0.04, 0.16 
1051, 3.279297, 9.99, -0.38, -1.02, 9.30, -1.26, -2.16 , 1.28, 0.04, 0.16 
1058, 3.279297, 9.98, -0.42, -1.04, 9.29, -1.32, -2.09 , 1.28, 0.04, 0.16 
1064, 3.279297, 10.08, -0.54, -1.01, 9.21, -1.71, -2.27 , 1.28, 0.03, 0.11 
1071, 3.279297, 9.96, -1.18, -1.18, 9.14, -2.54, -2.33 , 1.28, 0.04, 0.16 
1077, 3.279297, 9.91, -1.13, -1.04, 9.07, -2.09, -2.07 , 1.28, 0.05, 0.21 
1084, 3.279297, 9.83, -0.41, -0.87, 9.16, -1.25, -1.93 , 1.28, 0.04, 0.16 
1090, 3.279297, 9.79, 0.03, -0.72, 9.12, -0.91, -1.88 , 1.28, 0.07, 0.26 
1097, 3.279297, 9.79, -0.09, -0.70, 9.12, -0.85, -1.87 , 1.28, 0.05, 0.21 
1103, 3.279297, 9.84, -0.25, -0.84, 9.16, -1.18, -1.97 , 1.28, 0.08, 0.30 
1110, 3.367188, 9.95, -0.66, -0.87, 9.06, -1.06, -2.00 , 1.28, 0.07, 0.26 
1117, 3.279297, 9.98, -0.67, -1.03, 9.19, -1.42, -2.11 , 1.28, 0.05, 0.21 
1123, 3.367188, 9.95, -0.96, -1.00, 9.09, -1.33, -2.14 , 1.28, 0.07, 0.26 
1130, 3.367188, 9.89, -0.93, -1.02, 9.13, -1.45, -2.11 , 1.28, 0.08, 0.30 
1136, 3.367188, 9.92, -0.67, -1.06, 9.11, -1.42, -2.15 , 1.28, 0.09, 0.35 
1143, 3.367188, 9.93, -0.64, -1.09, 9.07, -1.64, -2.16 , 1.28, 0.07, 0.26 
1149, 3.367188, 9.89, -0.64, -1.02, 9.11, -2.04, -2.16 , 1.28, 0.07, 0.26 
1156, 3.367188, 9.83, -0.95, -1.02, 9.08, -2.43, -2.17 , 1.28, 0.08, 0.30 
1162, 3.367188, 9.86, -0.88, -1.18, 9.06, -2.64, -2.09 , 1.28, 0.08, 0.30 
1169, 3.367188, 9.88, -0.61, -1.28, 9.10, -2.19, -2.12 , 1.28, 0.08, 0.30 
1176, 3.367188, 9.81, -0.44, -1.18, 9.03, -1.41, -2.13 , 1.28, 0.11, 0.45 
1182, 3.367188, 9.76, -0.17, -0.95, 8.94, -0.77, -1.98 , 1.28, 0.13, 0.50 
1189, 3.455078, 9.85, -0.09, -1.15, 9.39, -1.90, -1.64 , 1.28, 0.13, 0.50 
1195, 3.455078, 9.50, -0.43, -0.57, 8.59, -2.85, -1.77 , 1.28, 0.05, 0.21 
1202, 3.542969, 9.46, -0.93, -0.42, 8.80, -3.35, -1.34 , 1.28, 0.08, 0.30 
1208, 3.630859, 9.49, -0.49, -0.75, 9.14, -1.11, -1.23 , 1.28, 0.07, 0.26 
1215, 3.718750, 9.69, 0.38, -0.45, 8.87, -0.08, -1.20 , 1.28, 0.13, 0.50 
1221, 3.718750, 9.65, 0.36, -0.47, 9.03, 0.72, -1.56 , 1.28, 0.10, 0.40 
1228, 3.718750, 9.83, -0.01, -0.71, 9.18, -1.44, -1.77 , 1.28, 0.11, 0.45 
1234, 3.806641, 9.84, -1.29, -0.78, 9.15, -1.81, -2.38 , 1.28, 0.08, 0.30 
1241, 3.894531, 9.94, -1.33, -0.88, 9.17, -3.14, -2.48 , 1.28, 0.10, 0.40 
1247, 3.982422, 9.92, -1.16, -1.17, 9.22, -1.90, -2.58 , 1.28, 0.08, 0.30 
1254, 3.982422, 10.06, -0.50, -1.14, 9.39, -1.77, -2.52 , 1.28, 0.08, 0.30 
1261, 4.070312, 10.11, -0.44, -1.34, 9.22, -0.68, -3.29 , 1.28, 0.13, 0.50 
1267, 4.070312, 10.22, -0.20, -1.62, 9.26, -1.15, -3.58 , 1.28, 0.13, 0.50 
1274, 4.070312, 10.38, -0.61, -1.78, 9.09, -3.38, -3.96 , 1.28, 0.09, 0.35 
1280, 4.158203, 10.20, -1.39, -2.06, 8.87, -3.94, -4.21 , 1.28, 0.09, 0.35 
1287, 4.246094, 9.86, -1.67, -2.37, 8.77, -3.54, -4.05 , 1.28, 0.08, 0.30 
1293, 4.333984, 9.81, -0.70, -2.48, 8.58, -2.99, -3.42 , 1.28, 0.08, 0.30 
1300, 4.333984, 9.65, -0.43, -2.58, 8.43, -1.70, -3.27 , 1.29, 0.24, 0.95 
1306, 4.333984, 9.61, -0.10, -2.65, 8.55, -2.12, -3.33 , 1.28, 0.04, 0.16 
1313, 4.333984, 9.94, -0.71, -2.44, 8.43, -7.93, -3.44 , 1.28, 0.04, 0.16 
1319, 4.509766, 9.57, -3.65, -2.43, 8.86, -1.14, -3.85 , 1.28, 0.04, 0.16 
1326, 4.597656, 9.30, 0.94, -2.25, 8.63, -2.78, -3.08 , 1.28, 0.04, 0.16 
1332, 4.597656, 9.88, -0.47, -2.14, 8.70, -4.23, -2.68 , 1.28, 0.04, 0.16 
1339, 4.597656, 9.98, -1.36, -1.55, 8.97, -3.94, -1.87 , 1.28, 0.04, 0.16 
1345, 4.509766, 10.14, -0.29, -1.38, 9.33, -3.60, -1.82 , 1.28, 0.08, 0.30 
1352, 4.597656, 10.43, -0.46, -1.15, 9.46, -4.02, -2.24 , 1.28, 0.07, 0.26 
1358, 4.597656, 10.57, -1.15, -1.18, 9.47, -3.97, -2.60 , 1.27, -0.09, -0.36 
1365, 4.597656, 10.59, -1.35, -1.01, 9.57, -2.98, -2.35 , 1.28, 0.11, 0.45 
1372, 4.597656, 10.62, -1.72, -0.81, 9.61, -2.09, -2.39 , 1.28, 0.11, 0.45 
1378, 4.597656, 10.68, -1.35, -1.64, 9.16, -3.74, -2.70 , 1.28, 0.04, 0.16 
1385, 4.597656, 10.07, -1.56, -1.38, 9.20, -3.14, -3.62 , 1.28, 0.07, 0.26 
1391, 4.597656, 10.01, -1.76, -1.03, 9.09, -1.92, -3.18 , 1.28, 0.04, 0.16 
1398, 4.597656, 10.01, -1.29, -1.51, 8.93, -2.14, -3.43 , 1.28, 0.04, 0.16 
1404, 4.509766, 9.90, -0.98, -1.76, 8.65, -2.55, -3.57 , 1.28, 0.04, 0.16 
1411, 4.509766, 9.70, -0.99, -2.23, 8.60, -2.54, -3.40 , 1.28, 0.04, 0.16 
1417, 4.509766, 9.66, -1.06, -2.39, 8.61, -2.07, -3.39 , 1.28, 0.07, 0.26 
1424, 4.509766, 9.64, -0.98, -2.55, 8.49, -2.01, -3.27 , 1.28, 0.04, 0.16 
1430, 4.509766, 9.59, -0.99, -2.47, 8.43, -1.90, -3.25 , 1.28, 0.03, 0.11 
1437, 4.509766, 9.37, -1.14, -2.28, 8.48, -1.54, -3.23 , 1.28, 0.03, 0.11 
1443, 4.509766, 9.33, -1.01, -2.06, 8.50, -1.42, -3.23 , 1.27, -0.03, -0.12 
1450, 4.509766, 9.36, -0.80, -1.79, 8.56, -1.32, -3.22 , 1.28, 0.04, 0.16 
1456, 4.509766, 9.35, -0.50, -1.50, 8.48, -0.04, -3.24 , 1.28, 0.03, 0.11 
1463, 4.509766, 9.56, 0.93, -1.43, 8.94, -1.66, -3.13 , 1.28, 0.04, 0.16 
1469, 4.509766, 9.43, 0.16, -1.43, 8.66, -0.97, -3.28 , 1.27, 0.02, 0.06 
1476, 4.509766, 9.59, 0.17, -1.47, 8.90, -0.39, -2.96 , 1.28, 0.03, 0.11 
1482, 4.509766, 9.58, 0.68, -1.44, 8.88, -0.44, -2.85 , 1.28, 0.04, 0.16 
1489, 4.509766, 9.62, 1.04, -1.45, 9.04, -1.51, -2.93 , 1.28, 0.03, 0.11 
1495, 4.509766, 9.78, 1.09, -1.37, 9.07, -1.63, -2.63 , 1.28, 0.03, 0.11 
1502, 4.509766, 9.87, 1.10, -1.44, 9.12, -1.80, -2.48 , 1.27, 0.02, 0.06 
1508, 4.509766, 9.86, 0.96, -1.27, 9.22, -2.17, -2.45 , 1.27, 0.02, 0.06 
1515, 4.509766, 10.02, 0.79, -1.31, 9.24, -2.25, -2.41 , 1.28, 0.04, 0.16 
1522, 4.509766, 9.99, 0.70, -1.30, 9.27, -2.04, -2.51 , 1.28, 0.04, 0.16 
1528, 4.509766, 9.92, 0.62, -1.13, 9.16, -1.81, -2.56 , 1.28, 0.04, 0.16 
1535, 4.509766, 9.76, 0.29, -1.14, 9.02, -1.63, -2.71 , 1.28, 0.04, 0.16 
1541, 4.509766, 9.78, 0.11, -1.21, 8.99, -1.80, -2.78 , 1.27, 0.00, 0.02 
1548, 4.509766, 9.70, 0.04, -1.14, 8.89, -2.11, -2.71 , 1.28, 0.04, 0.16 
1554, 4.509766, 9.64, -0.13, -1.32, 8.87, -2.23, -2.95 , 1.28, 0.04, 0.16 
1561, 4.509766, 9.57, -0.11, -1.32, 8.93, -2.38, -3.22 , 1.28, 0.04, 0.16 
1567, 4.509766, 9.66, -0.25, -1.45, 8.86, -2.28, -3.11 , 1.28, 0.04, 0.16 
1574, 4.509766, 9.63, -0.35, -1.56, 8.82, -2.38, -3.08 , 1.28, 0.04, 0.16 
1580, 4.509766, 9.59, -0.43, -1.69, 8.74, -2.65, -3.05 , 1.28, 0.04, 0.16 
1587, 4.509766, 9.51, -0.73, -1.55, 8.68, -2.95, -3.00 , 1.28, 0.03, 0.11 
1593, 4.509766, 9.48, -0.76, -1.60, 8.68, -2.94, -2.69 , 1.28, 0.03, 0.11 
1600, 4.509766, 9.44, -0.99, -1.51, 8.59, -2.70, -2.74 , 1.28, 0.04, 0.16 
1606, 4.509766, 9.49, -0.93, -1.52, 8.63, -2.69, -3.10 , 1.28, 0.05, 0.21 
1613, 4.509766, 9.45, -0.83, -1.58, 8.64, -3.06, -2.94 , 1.28, 0.04, 0.16 
1619, 4.509766, 9.47, -0.74, -1.50, 8.73, -3.51, -3.08 , 1.28, 0.04, 0.16 
1626, 4.509766, 9.60, -0.88, -1.53, 8.87, -3.74, -3.32 , 1.28, 0.04, 0.16 
1632, 4.509766, 9.85, -0.84, -1.82, 9.09, -3.75, -3.28 , 1.28, 0.07, 0.26 
1639, 4.509766, 9.98, -0.80, -1.87, 9.31, -3.84, -3.34 , 1.28, 0.07, 0.26 
1645, 4.509766, 10.11, -0.78, -2.02, 9.36, -3.77, -3.12 , 1.28, 0.07, 0.26 
1652, 4.509766, 10.19, -0.96, -2.06, 9.31, -3.22, -3.07 , 1.28, 0.04, 0.16 
1658, 4.509766, 10.18, -1.02, -2.26, 8.99, -2.33, -3.00 , 1.28, 0.07, 0.26 
1665, 4.509766, 9.48, -3.15, -2.76, 9.93, -0.73, -2.85 , 1.28, 0.08, 0.30 
1672, 4.509766, 10.14, -1.63, -2.28, 8.67, -3.82, -3.42 , 1.28, 0.07, 0.26 
1678, 4.509766, 9.10, -0.55, -2.03, 8.70, -3.69, -2.80 , 1.28, 0.10, 0.40 
1685, 4.509766, 9.38, -1.05, -2.35, 8.66, -3.40, -2.99 , 1.28, 0.07, 0.26 
1691, 4.509766, 9.43, -1.30, -2.37, 8.70, -3.66, -3.02 , 1.28, 0.05, 0.21 
1698, 4.509766, 9.50, -0.80, -2.47, 9.04, -3.70, -2.99 , 1.28, 0.04, 0.16 
1704, 4.509766, 9.65, -0.62, -2.48, 9.11, -3.61, -2.77 , 1.28, 0.07, 0.26 
1711, 4.509766, 9.90, -0.51, -2.53, 9.33, -3.39, -3.09 , 1.28, 0.09, 0.35 
1717, 4.509766, 10.18, -0.39, -2.77, 9.54, -3.07, -2.95 , 1.28, 0.09, 0.35 
1724, 4.509766, 10.44, -0.15, -2.46, 9.76, -2.88, -3.15 , 1.28, 0.08, 0.30 
1730, 4.509766, 10.69, -0.26, -2.55, 10.21, -2.95, -3.12 , 1.28, 0.11, 0.45 
1737, 4.509766, 11.05, -0.35, -2.36, 10.64, -2.92, -3.49 , 1.28, 0.10, 0.40 
1743, 4.597656, 11.37, -0.07, -2.31, 11.26, -4.35, -3.64 , 1.28, 0.09, 0.35 
1750, 4.597656, 12.00, -1.09, -2.98, 11.58, -3.44, -3.53 , 1.28, 0.15, 0.60 
1756, 4.597656, 12.32, -0.14, -3.23, 12.15, -3.15, -3.26 , 1.28, 0.10, 0.40 
1763, 4.685547, 12.44, -0.18, -2.71, 12.32, -4.33, -3.46 , 1.28, 0.10, 0.40 
1769, 4.773438, 12.37, -0.84, -2.69, 12.14, -2.49, -3.16 , 1.28, 0.11, 0.45 
1776, 4.773438, 12.39, 0.37, -2.30, 12.25, -2.56, -2.54 , 1.28, 0.17, 0.65 
1783, 4.949219, 12.41, -0.28, -2.16, 12.17, -2.75, -2.86 , 1.28, 0.13, 0.50 
1789, 5.037109, 12.43, -0.80, -2.01, 12.05, -3.74, -2.55 , 1.28, 0.13, 0.50 
1796, 5.212891, 12.03, -1.00, -2.14, 12.13, -2.41, -2.60 , 1.28, 0.11, 0.45 
1802, 5.300781, 12.00, -0.34, -2.04, 11.83, -1.56, -2.51 , 1.29, 0.23, 0.90 
1809, 5.564453, 11.96, -0.50, -1.91, 11.87, -1.65, -2.49 , 1.28, 0.13, 0.50 
1815, 5.740234, 12.12, -0.36, -2.14, 11.76, -4.48, -2.05 , 1.28, 0.13, 0.50 
1822, 6.091797, 11.63, -2.16, -2.03, 11.81, -1.45, -2.76 , 1.28, 0.08, 0.30 
1828, 6.267578, 11.95, -0.57, -1.89, 12.15, -2.05, -2.23 , 1.28, 0.13, 0.50 
1835, 6.531250, 12.15, 0.14, -1.55, 12.06, 0.00, -2.25 , 1.28, 0.13, 0.50 
1841, 6.794922, 12.09, 0.26, -1.35, 12.00, -0.52, -1.58 , 1.28, 0.17, 0.65 
1848, 7.058594, 12.05, -0.24, -1.25, 12.25, -1.09, -1.04 , 1.28, 0.13, 0.50 
1854, 7.322266, 12.16, -0.20, -1.10, 11.91, -0.91, -0.55 , 1.29, 0.22, 0.85 
1861, 7.585938, 12.10, -0.45, -0.96, 11.65, -1.40, -0.31 , 1.29, 0.19, 0.75 
1867, 7.937500, 11.66, -0.32, -1.00, 11.56, -2.63, -0.37 , 1.28, 0.17, 0.65 
1874, 8.201172, 10.77, -0.93, -0.55, 11.54, -1.82, -0.13 , 1.29, 0.23, 0.90 
1881, 8.552734, 11.15, -1.06, -0.25, 11.63, -1.12, -0.11 , 1.29, 0.20, 0.80 
1887, 8.904297, 10.59, -0.22, -0.30, 11.29, -1.59, -0.47 , 1.29, 0.24, 0.95 
1894, 9.255859, 10.18, -1.08, -0.03, 11.36, -1.62, -1.58 , 1.29, 0.18, 0.70 
1900, 9.695312, 10.25, -1.15, 0.00, 11.23, -1.81, -1.24 , 1.29, 0.24, 0.95 
1907, 10.222656, 9.50, -0.53, 0.36, 11.55, -1.78, -1.96 , 1.29, 0.24, 0.95 
1913, 10.750000, 9.32, -0.77, 0.96, 11.40, -0.61, -2.29 , 1.29, 0.28, 1.11 
1920, 11.365234, 9.49, -1.06, 0.68, 12.69, -3.38, -2.90 , 1.29, 0.24, 0.95 
1926, 11.980469, 10.64, -1.69, 0.53, 12.03, -4.96, -1.62 , 1.29, 0.24, 0.95 
1933, 12.771484, 8.90, -2.22, -0.08, 12.62, -5.37, -3.03 , 1.29, 0.27, 1.05 
1939, 13.474609, 9.50, -1.28, 0.23, 13.34, -7.64, -3.08 , 1.29, 0.28, 1.11 
1946, 14.353516, 9.99, -2.42, 0.25, 12.52, -2.00, -3.51 , 1.29, 0.31, 1.21 
1952, 15.232422, 8.39, -1.25, 0.41, 12.18, -5.51, -3.81 , 1.30, 0.33, 1.31 
1959, 16.287109, 9.47, -4.14, 0.52, 13.88, -7.69, -4.66 , 1.30, 0.37, 1.47 
1966, 17.253906, 10.12, -2.00, 0.43, 13.60, -9.04, -4.09 , 1.30, 0.46, 1.80 
1972, 18.396484, 10.86, -2.72, 0.48, 12.94, -4.35, -3.37 , 1.30, 0.42, 1.63 
1979, 19.451172, 10.87, -0.93, 0.28, 12.41, -2.22, -0.73 , 1.30, 0.46, 1.80 
1985, 20.681641, 11.09, -1.97, 0.45, 12.45, -0.49, -0.17 , 1.30, 0.46, 1.80 
1992, 21.736328, 11.48, -2.27, 0.43, 12.99, 0.73, -1.94 , 1.30, 0.46, 1.80 
1998, 21.912109, 13.01, -0.71, 0.18, 10.15, 1.13, -1.15 , 1.30, 0.46, 1.80 
2005, 24.021484, 11.99, -3.58, 1.45, 12.58, -7.75, -5.48 , 1.30, 0.46, 1.80 
2011, 25.076172, 13.44, -4.60, 1.45, 8.17, -11.50, -5.53 , 1.30, 0.46, 1.80 
2018, 26.218750, 11.77, -2.68, 1.38, 7.12, -9.19, -4.39 , 1.30, 0.46, 1.80 
2024, 27.273438, 11.97, -1.49, 0.00, 4.75, -2.89, -1.86 , 1.31, 0.54, 2.13 
2031, 28.152344, 14.49, -0.42, -0.95, 4.19, -5.07, -3.89 , 1.31, 0.54, 2.13 
2037, 29.119141, 14.74, 0.81, -0.90, 4.68, 0.35, -2.42 , 1.30, 0.48, 1.90 
2044, 29.998047, 12.85, -2.31, -0.45, 5.03, -7.21, -2.58 , 1.30, 0.47, 1.85 
2051, 30.876953, 13.58, -1.92, -1.25, 3.94, -8.29, -2.22 , 1.30, 0.44, 1.74 
2057, 31.667969, 13.43, -4.58, -3.13, 3.52, -8.45, -0.12 , 1.30, 0.43, 1.69 
2064, 32.546875, 13.14, -7.59, -3.88, 4.19, -11.20, -1.96 , 1.29, 0.29, 1.16 
2070, 33.337891, 12.33, -5.92, -4.18, 4.80, -8.43, 0.65 , 1.29, 0.31, 1.21 
2077, 34.128906, 11.65, -5.12, -2.71, 2.40, -1.58, 0.32 , 1.29, 0.27, 1.05 
2083, 34.744141, 11.06, -4.09, -2.26, 0.75, -2.40, 0.33 , 1.29, 0.28, 1.11 
2090, 35.447266, 10.76, -2.63, -1.56, 1.41, -2.11, 0.40 , 1.29, 0.24, 0.95 
2096, 36.150391, 10.57, -3.65, -1.05, 2.08, -1.25, -1.01 , 1.29, 0.20, 0.80 
2103, 36.589844, 10.27, -1.61, -1.67, 1.02, -0.80, -0.37 , 1.29, 0.22, 0.85 
2109, 37.117188, 10.29, -1.08, -0.94, 1.49, 1.22, 0.15 , 1.28, 0.17, 0.65 
2116, 37.380859, 9.81, -0.16, -1.04, 1.67, 1.56, -0.36 , 1.29, 0.18, 0.70 
2122, 37.644531, 9.78, 0.34, -0.81, 0.14, 3.70, 1.27 , 1.28, 0.15, 0.60 
2129, 37.732422, 9.86, 1.45, -0.60, 2.29, 2.03, 1.69 , 1.29, 0.19, 0.75 
2135, 37.820312, 10.32, 0.68, -0.11, 2.24, -5.41, 1.45 , 1.28, 0.17, 0.65 
2142, 37.820312, 8.12, -1.71, 0.00, 2.36, -6.89, 0.89 , 1.28, 0.08, 0.30 
2149, 37.820312, 7.87, -1.34, -0.22, 2.78, -7.58, 1.45 , 1.28, 0.05, 0.21 
2155, 37.820312, 7.94, -0.50, -0.25, 3.32, -5.95, 1.09 , 1.28, 0.07, 0.26 
2162, 37.820312, 7.64, -0.20, -0.10, 2.89, -4.06, 1.59 , 1.28, 0.10, 0.40 
2168, 37.732422, 7.40, 0.19, 0.06, 3.14, -4.82, 1.22 , 1.28, 0.05, 0.21 
2175, 37.732422, 7.33, 0.07, -0.44, 3.25, -1.68, 1.94 , 1.28, 0.04, 0.16 
2181, 37.468750, 7.55, 0.71, 0.41, 3.30, -2.20, 1.68 , 1.27, 0.02, 0.06 
2188, 37.380859, 7.07, -0.36, 0.19, 4.37, -1.63, 1.65 , 1.27, -0.09, -0.36 
2194, 37.205078, 7.22, -0.42, -0.05, 4.95, -2.03, 1.54 , 1.26, -0.14, -0.54 
2201, 37.029297, 6.80, -1.72, 0.22, 4.86, -2.19, 0.85 , 1.26, -0.25, -0.98 
2207, 36.765625, 6.85, -1.03, 0.15, 6.05, -2.29, 1.36 , 1.26, -0.26, -1.02 
2214, 36.414062, 6.33, -0.83, 0.62, 5.43, 2.69, 1.41 , 1.25, -0.30, -1.19 
2221, 35.886719, 7.67, 1.00, 0.40, 5.51, 3.25, 2.24 , 1.25, -0.27, -1.07 
2227, 35.183594, 7.73, 2.50, 0.69, 3.52, 4.89, 1.78 , 1.26, -0.18, -0.72 
2234, 34.480469, 7.55, 3.10, 1.24, 6.40, 0.72, 2.68 , 1.26, -0.25, -0.98 
2240, 33.689453, 7.49, 3.71, 1.19, 9.69, -8.00, -2.09 , 1.25, -0.30, -1.19 
2247, 32.898438, 6.85, -0.48, -0.09, 7.61, -6.11, -0.51 , 1.24, -0.50, -1.97 
2253, 32.107422, 7.90, -1.27, -1.85, 10.05, -7.99, 0.73 , 1.24, -0.50, -1.97 
2260, 31.316406, 6.84, -0.74, -1.61, 9.91, -9.83, -2.00 , 1.24, -0.50, -1.97 
2266, 30.349609, 7.21, -1.20, -2.09, 10.44, -6.23, -1.71 , 1.24, -0.50, -1.97 
2273, 29.558594, 7.33, -0.25, -2.39, 11.73, -7.71, -1.22 , 1.23, -0.53, -2.09 
2279, 28.679688, 7.27, 2.05, -1.62, 12.45, -8.65, -2.40 , 1.23, -0.61, -2.40 
2286, 27.800781, 7.90, -0.25, -1.64, 12.45, -4.58, -3.76 , 1.23, -0.56, -2.21 
2292, 26.833984, 5.61, 1.40, 0.95, 9.83, 0.60, -1.98 , 1.23, -0.53, -2.09 
2299, 25.867188, 5.91, 5.33, 1.26, 16.38, -3.13, -5.13 , 1.23, -0.54, -2.13 
2306, 24.900391, 7.59, -0.21, 1.91, 12.54, -4.15, -4.44 , 1.23, -0.59, -2.33 
2312, 23.933594, 8.21, -0.33, 0.06, 12.59, -7.42, -3.40 , 1.23, -0.58, -2.29 
2319, 22.791016, 7.61, 2.82, 0.83, 13.83, -3.58, -3.64 , 1.23, -0.60, -2.36 
2325, 22.000000, 9.69, 3.59, 1.00, 8.50, -6.13, -0.89 , 1.23, -0.54, -2.13 
2332, 20.681641, 7.31, 2.52, 0.12, 16.08, -3.96, -7.88 , 1.23, -0.57, -2.25 
2338, 19.539062, 8.15, 4.47, 1.39, 11.71, -6.93, -1.21 , 1.23, -0.55, -2.17 
2345, 18.572266, 8.16, 1.31, 2.60, 16.96, -13.94, -8.00 , 1.23, -0.55, -2.17 
2351, 17.605469, 9.25, 0.15, 1.51, 16.53, -10.95, -6.03 , 1.23, -0.63, -2.48 
2368, 15.144531, 10.27, 5.04, 0.73, 11.96, -12.31, -6.38 , 1.23, -0.60, -2.36 
2375, 14.177734, 9.74, 5.68, 1.47, 12.49, -6.34, -6.06 , 1.24, -0.50, -1.97 
2381, 13.123047, 9.46, 4.41, 2.08, 13.43, -6.54, -3.45 , 1.24, -0.50, -1.97 
2388, 12.068359, 8.77, 9.02, 2.70, 14.99, -11.30, -8.75 , 1.24, -0.50, -1.97 
2394, 11.101562, 10.56, 5.14, 1.20, 9.80, -11.90, -5.70 , 1.26, -0.17, -0.67 
2401, 10.046875, 7.77, 8.63, 4.38, 5.53, -12.12, -6.83 , 1.27, -0.13, -0.49 
2407, 8.992188, 6.07, 9.45, 3.02, 8.27, -19.61, -8.24 , 1.24, -0.50, -1.97 
2414, 8.113281, 3.97, 10.14, 2.40, 9.38, -16.23, -7.31 , 1.26, -0.16, -0.63 
2421, 7.146484, 3.27, 10.49, 6.05, 6.44, -10.63, -4.93 , 1.27, -0.03, -0.12 
2427, 6.091797, 5.36, 14.38, 1.66, 5.83, -10.91, -1.98 , 1.27, -0.08, -0.31 
2434, 5.300781, 6.49, 10.32, -1.75, 8.02, -15.66, -3.91 , 1.27, -0.07, -0.26 
2440, 4.685547, 7.43, 8.22, 0.08, 8.72, -14.26, -3.08 , 1.27, -0.11, -0.45 
2447, 4.070312, 7.54, 11.53, -1.01, 9.67, -13.99, -4.35 , 1.27, 0.02, 0.06 
2453, 3.455078, 9.15, 10.16, 1.88, 9.55, -6.95, -3.51 , 1.28, 0.04, 0.16 
2460, 2.927734, 9.00, 10.21, -0.78, 10.31, -9.71, -4.22 , 1.28, 0.08, 0.30 
2466, 2.576172, 10.13, 9.87, -0.74, 12.47, -2.03, -7.15 , 1.28, 0.15, 0.60 
2473, 2.224609, 12.55, 5.84, -1.15, 13.09, 1.43, -8.95 , 1.28, 0.13, 0.50 
2479, 2.048828, 13.56, 5.10, 0.51, 15.30, 13.83, -7.79 , 1.28, 0.07, 0.26 
2486, 1.960938, 14.94, 2.67, 0.76, 17.17, 19.61, -3.32 , 1.28, 0.04, 0.16 
2492, 1.873047, 15.91, 0.48, 0.64, 16.34, 19.61, 0.10 , 1.27, -0.03, -0.12 
2499, 1.785156, 16.53, -0.42, 0.08, 17.00, 13.87, -2.27 , 1.27, -0.04, -0.17 
2506, 1.697266, 16.63, -0.43, 0.19, 16.33, 5.86, -0.03 , 1.28, 0.04, 0.16 
2512, 1.521484, 16.12, 2.72, 0.68, 16.38, 5.14, 2.92 , 1.28, 0.11, 0.45 
2519, 1.433594, 15.46, 6.28, 0.59, 16.00, -1.10, 6.39 , 1.28, 0.17, 0.65 
2525, 1.433594, 14.90, 6.23, -2.02, 16.23, -5.14, 5.82 , 1.28, 0.07, 0.26 
2532, 1.433594, 15.19, 4.18, -2.23, 15.00, -0.82, 6.11 , 1.28, 0.09, 0.35 
2538, 1.433594, 14.48, 5.02, -4.54, 13.91, -1.13, 5.40 , 1.28, 0.13, 0.50 
2545, 1.433594, 13.65, 8.89, -3.29, 13.59, 0.72, 5.35 , 1.29, 0.20, 0.80 
2551, 1.521484, 12.92, 8.31, -1.09, 12.79, 0.43, 2.23 , 1.29, 0.18, 0.70 
2558, 1.609375, 11.92, 7.17, 0.53, 11.20, -2.63, 1.55 , 1.28, 0.11, 0.45 
2564, 1.873047, 11.20, 5.95, 1.69, 11.45, -2.85, -0.39 , 1.28, 0.13, 0.50 
2571, 2.048828, 10.13, 4.01, 3.11, 10.62, -1.64, -2.69 , 1.28, 0.14, 0.55 
2577, 2.224609, 9.35, 4.08, 3.63, 9.62, -2.66, -4.06 , 1.28, 0.17, 0.65 
2584, 2.576172, 8.76, 2.26, 3.25, 9.41, -1.46, -5.01 , 1.29, 0.19, 0.75 
2590, 2.927734, 8.28, 2.32, 1.65, 8.65, -0.81, -6.13 , 1.29, 0.19, 0.75 
2597, 3.279297, 7.61, 1.07, -0.01, 8.59, -0.38, -6.05 , 1.29, 0.20, 0.80 
2603, 3.630859, 7.70, -0.59, -1.53, 7.92, -1.33, -5.13 , 1.29, 0.23, 0.90 
2610, 3.982422, 7.04, -1.37, -3.20, 7.97, -2.42, -5.26 , 1.29, 0.20, 0.80 
2616, 4.509766, 7.04, -2.95, -3.24, 7.93, -4.04, -5.48 , 1.29, 0.18, 0.70 
2623, 4.949219, 6.71, -3.56, -4.28, 7.76, -5.19, -5.62 , 1.29, 0.20, 0.80 
2630, 5.476562, 6.62, -4.59, -4.74, 7.39, -4.69, -5.79 , 1.29, 0.23, 0.90 
2636, 5.916016, 6.77, -4.33, -4.95, 6.06, -3.84, -5.49 , 1.29, 0.22, 0.85 
2643, 6.531250, 6.85, -5.33, -5.34, 6.40, -4.18, -3.63 , 1.29, 0.18, 0.70 
2649, 7.058594, 6.68, -3.41, -5.82, 5.80, -4.64, -2.81 , 1.29, 0.20, 0.80 
2656, 7.585938, 6.34, -3.43, -5.91, 6.68, -1.43, -3.46 , 1.29, 0.23, 0.90 
2662, 8.113281, 7.33, -3.00, -4.84, 5.48, -2.95, -2.48 , 1.29, 0.20, 0.80 
2669, 8.552734, 7.60, -3.21, -4.99, 5.13, -0.65, -2.83 , 1.28, 0.13, 0.50 
2675, 8.904297, 8.70, -3.25, -3.28, 6.63, -0.96, -2.70 , 1.28, 0.10, 0.40 
2682, 9.167969, 9.55, -1.99, -2.02, 7.43, 1.72, -3.53 , 1.28, 0.11, 0.45 
2688, 9.343750, 10.23, -2.77, -1.30, 7.90, 0.63, -2.44 , 1.28, 0.04, 0.16 
2695, 9.519531, 10.74, -2.49, -1.13, 9.27, -3.61, -2.55 , 1.27, 0.00, 0.02 
2701, 9.695312, 10.92, -3.16, -1.05, 9.26, -3.89, -1.56 , 1.27, -0.07, -0.26 
2708, 9.783203, 10.35, -1.28, -0.48, 9.38, -5.33, -2.62 , 1.27, -0.07, -0.26 
2714, 9.783203, 10.68, -0.28, -1.35, 10.07, -2.84, -1.50 , 1.27, -0.02, -0.08 
2721, 9.783203, 10.79, 1.22, -0.72, 10.12, -5.08, -1.48 , 1.27, -0.02, -0.08 
2727, 9.783203, 10.77, 1.94, -0.25, 10.40, -5.88, -1.91 , 1.27, -0.02, -0.08 
2734, 9.783203, 10.71, 2.31, -0.30, 10.19, -4.01, -2.04 , 1.27, -0.02, -0.08 
2741, 9.783203, 10.53, 2.49, -0.38, 10.34, -3.64, -2.23 , 1.27, -0.02, -0.08 
2747, 9.783203, 10.41, 2.72, -0.37, 10.02, -3.59, -2.09 , 1.27, -0.02, -0.08 
2754, 9.783203, 10.08, 2.36, -0.47, 9.85, -3.09, -2.27 , 1.27, -0.01, -0.03 
2760, 9.783203, 9.74, 1.95, -0.71, 9.58, -2.88, -2.22 , 1.27, 0.00, 0.02 
2767, 9.783203, 9.48, 1.80, -0.90, 9.35, -2.06, -1.99 , 1.27, 0.02, 0.06 
2773, 9.783203, 9.23, 1.54, -1.13, 9.20, -1.29, -1.75 , 1.27, 0.00, 0.02 
2780, 9.783203, 9.05, 1.29, -1.24, 9.10, -0.40, -1.70 , 1.27, 0.00, 0.02 
2786, 9.783203, 9.04, 0.71, -1.43, 9.02, -0.14, -1.58 , 1.27, -0.02, -0.08 
2793, 9.783203, 9.02, 0.39, -1.55, 9.03, 0.05, -1.36 , 1.27, -0.02, -0.08 
2799, 9.783203, 8.95, -0.08, -1.60, 8.95, 1.24, -1.39 , 1.27, -0.02, -0.08 
2806, 9.695312, 9.15, 0.37, -1.54, 9.08, 1.21, -1.49 , 1.27, -0.03, -0.12 
2812, 9.607422, 9.17, 0.47, -1.69, 9.09, 0.94, -1.76 , 1.27, -0.07, -0.26 
2819, 9.519531, 9.22, 0.58, -1.58, 9.07, 0.18, -1.99 , 1.27, -0.04, -0.17 
2825, 9.431641, 9.30, 0.85, -1.47, 8.95, -0.14, -2.21 , 1.27, -0.03, -0.12 
2832, 9.343750, 9.02, 1.88, -0.72, 9.33, -1.09, -2.00 , 1.27, -0.04, -0.17 
2839, 9.080078, 9.78, 2.43, -1.53, 9.13, -1.81, -2.69 , 1.27, -0.03, -0.12 
2845, 8.992188, 9.54, 1.40, -1.20, 8.96, -2.52, -2.68 , 1.28, 0.03, 0.11 
2852, 8.816406, 9.72, 1.19, -1.53, 9.24, -3.50, -2.97 , 1.27, -0.03, -0.12 
2858, 8.640625, 9.23, 1.75, -1.24, 9.00, -4.30, -2.35 , 1.27, -0.04, -0.17 
2865, 8.552734, 8.82, 0.97, -1.21, 8.71, -3.45, -2.56 , 1.27, -0.03, -0.12 
2871, 8.376953, 8.99, 1.31, -1.32, 8.87, -2.99, -2.38 , 1.27, -0.03, -0.12 
2878, 8.201172, 8.40, 1.75, -0.85, 9.20, -2.23, -2.20 , 1.27, -0.02, -0.08 
2884, 8.025391, 9.27, 1.85, -1.42, 8.39, -1.74, -1.90 , 1.27, -0.02, -0.08 
2891, 7.849609, 8.79, 1.24, -1.98, 8.67, -1.69, -1.97 , 1.27, -0.01, -0.03 
2897, 7.673828, 8.94, 0.45, -1.19, 9.03, -2.42, -1.81 , 1.27, -0.02, -0.08 
2904, 7.498047, 9.07, -0.36, -1.34, 9.12, -2.21, -1.89 , 1.27, -0.03, -0.12 
2910, 7.234375, 8.93, -0.99, -0.79, 9.27, -2.01, -2.44 , 1.27, -0.08, -0.31 
2917, 7.058594, 9.19, -0.65, -1.20, 9.43, -2.59, -2.26 , 1.27, -0.03, -0.12 
2923, 6.970703, 9.12, -1.25, -1.09, 9.17, -1.84, -2.66 , 1.27, -0.07, -0.26 
2930, 6.794922, 9.34, -0.64, -1.27, 9.44, -1.17, -2.40 , 1.27, -0.02, -0.08 
2936, 6.531250, 9.77, -0.87, -1.53, 9.10, -1.10, -2.42 , 1.27, 0.00, 0.02 
2943, 6.443359, 9.49, -0.82, -1.55, 9.50, -2.97, -2.62 , 1.27, -0.04, -0.17 
2949, 6.355469, 9.56, -1.85, -1.47, 9.47, -4.21, -2.75 , 1.27, -0.02, -0.08 
2956, 6.267578, 9.38, -2.17, -1.38, 9.35, -2.97, -2.92 , 1.27, 0.00, 0.02 
2963, 6.091797, 9.44, -0.00, -1.66, 9.26, -2.16, -2.74 , 1.27, 0.00, 0.02 
2969, 6.003906, 9.33, 0.28, -1.38, 9.03, -2.86, -2.88 , 1.27, 0.02, 0.06 
2976, 5.916016, 9.30, -0.58, -1.36, 9.13, -3.57, -2.93 , 1.27, 0.02, 0.06 
2982, 5.828125, 9.26, -0.60, -1.21, 9.22, -4.24, -2.84 , 1.28, 0.03, 0.11 
2989, 5.828125, 9.30, -0.90, -0.95, 9.20, -3.73, -3.12 , 1.28, 0.04, 0.16 
2995, 5.740234, 9.39, -0.67, -0.97, 9.43, -3.10, -2.92 , 1.27, 0.00, 0.02 
3002, 5.740234, 9.37, -0.80, -0.65, 9.39, -2.94, -2.94 , 1.27, 0.02, 0.06 
3008, 5.740234, 9.26, -1.37, -0.46, 9.32, -1.81, -3.28 , 1.28, 0.03, 0.11 
3015, 5.740234, 9.17, -1.13, -0.43, 9.31, -1.93, -3.01 , 1.28, 0.03, 0.11 
3021, 5.652344, 9.29, -1.64, -0.70, 9.24, -1.47, -2.87 , 1.27, 0.00, 0.02 
3028, 5.652344, 9.29, -1.65, -1.16, 9.30, -1.63, -2.56 , 1.27, 0.00, 0.02 
3034, 5.652344, 9.53, -1.29, -1.85, 9.46, -2.09, -2.46 , 1.27, 0.02, 0.06 
3041, 5.652344, 9.67, -1.01, -2.17, 9.62, -2.74, -2.65 , 1.28, 0.03, 0.11 
3047, 5.652344, 9.98, -0.49, -2.40, 9.97, -3.02, -2.16 , 1.27, 0.02, 0.06 
3054, 5.740234, 10.40, -0.03, -2.54, 10.27, -3.17, -2.39 , 1.28, 0.03, 0.11 
3060, 5.652344, 10.68, 0.34, -2.71, 10.66, -3.05, -2.23 , 1.27, 0.02, 0.06 
3067, 5.652344, 10.83, 0.84, -2.47, 10.95, -2.81, -2.15 , 1.27, 0.00, 0.02 
3073, 5.652344, 10.93, 0.96, -2.52, 11.12, -3.06, -2.09 , 1.27, 0.00, 0.02 
3080, 5.740234, 10.94, 1.41, -2.63, 11.21, -2.42, -2.19 , 1.27, 0.02, 0.06 
3087, 5.652344, 10.89, 2.11, -2.84, 11.43, -1.63, -2.26 , 1.28, 0.03, 0.11 
3093, 5.652344, 10.96, 2.62, -2.98, 11.43, -1.38, -2.58 , 1.28, 0.04, 0.16 
3100, 5.740234, 11.01, 2.54, -2.84, 11.78, -1.49, -2.71 , 1.28, 0.04, 0.16 
3106, 5.740234, 11.34, 2.43, -3.05, 12.11, -2.00, -2.83 , 1.28, 0.05, 0.21 
3113, 5.740234, 11.43, 1.92, -3.01, 12.47, -1.91, -3.18 , 1.28, 0.07, 0.26 
3119, 5.740234, 12.17, 2.45, -3.21, 13.47, -1.65, -3.17 , 1.28, 0.08, 0.30 
3126, 5.740234, 12.59, 2.27, -3.25, 13.73, -0.66, -3.10 , 1.28, 0.15, 0.60 
3132, 5.828125, 13.23, 1.85, -3.60, 14.30, -0.34, -3.00 , 1.28, 0.15, 0.60 
3139, 5.916016, 13.58, 1.75, -3.01, 14.40, -2.78, -1.79 , 1.28, 0.11, 0.45 
3145, 6.091797, 14.05, 0.05, -3.06, 15.28, -2.68, -1.71 , 1.28, 0.13, 0.50 
3152, 6.267578, 13.85, 0.98, -2.37, 15.17, -2.10, -1.34 , 1.28, 0.10, 0.40 
3158, 6.531250, 13.69, 0.75, -1.72, 15.44, -0.45, -0.19 , 1.28, 0.15, 0.60 
3165, 6.794922, 13.72, 0.86, -1.38, 15.98, 0.47, 1.64 , 1.29, 0.22, 0.85 
3171, 7.146484, 13.76, 1.45, -1.37, 15.91, 2.32, 3.67 , 1.29, 0.22, 0.85 
3178, 7.498047, 14.18, 0.93, -1.31, 16.49, 3.56, 3.80 , 1.29, 0.22, 0.85 
3184, 7.849609, 14.71, 0.60, -0.45, 17.40, 1.75, 3.92 , 1.29, 0.20, 0.80 
3191, 8.289062, 14.66, -0.73, 0.26, 17.44, -0.96, 1.50 , 1.29, 0.23, 0.90 
3198, 8.816406, 14.24, -1.20, 1.17, 16.95, 2.59, -2.10 , 1.29, 0.27, 1.05 
3204, 9.343750, 13.98, -0.47, 2.00, 15.62, 2.43, -3.35 , 1.29, 0.24, 0.95 
3211, 9.958984, 12.33, -2.49, 2.06, 15.53, 1.26, -5.90 , 1.29, 0.27, 1.05 
3217, 10.750000, 11.15, -3.08, 2.00, 14.27, 0.65, -5.20 , 1.29, 0.24, 0.95 
3224, 11.541016, 9.88, -2.64, 0.94, 13.61, 1.87, -5.92 , 1.29, 0.32, 1.26 
3230, 12.419922, 9.73, -3.21, -0.40, 14.06, 0.64, -4.59 , 1.29, 0.28, 1.11 
3237, 13.474609, 9.13, -3.96, -0.59, 14.07, -4.06, -5.29 , 1.30, 0.39, 1.53 
3243, 14.441406, 9.39, -4.87, -1.26, 12.55, -1.41, -3.36 , 1.30, 0.43, 1.69 
3250, 15.408203, 10.00, -2.62, -0.72, 13.03, -0.78, -5.66 , 1.30, 0.47, 1.85 
3256, 16.462891, 10.64, -2.39, 0.29, 13.33, -1.38, -3.34 , 1.30, 0.46, 1.80 
3263, 17.605469, 11.89, -4.42, 1.80, 14.09, -12.69, -1.73 , 1.30, 0.48, 1.90 
3269, 18.835938, 9.95, -5.43, 1.46, 15.30, -2.41, -1.47 , 1.31, 0.53, 2.07 
3276, 20.154297, 11.60, -4.21, 0.81, 14.72, -1.65, -1.21 , 1.31, 0.67, 2.64 
3283, 21.208984, 13.60, -5.00, -0.27, 10.96, 6.70, -3.39 , 1.31, 0.67, 2.64 
3289, 21.912109, 14.95, -3.17, -0.31, 11.52, -4.30, -5.66 , 1.32, 0.69, 2.70 
3296, 23.406250, 15.39, -4.94, -0.35, 9.18, -5.03, -6.82 , 1.31, 0.66, 2.58 
3302, 24.460938, 17.26, -3.55, 0.40, 5.43, -7.50, -4.51 , 1.31, 0.64, 2.52 
3309, 25.515625, 15.06, -3.94, 2.59, 6.16, -13.36, -4.39 , 1.31, 0.54, 2.13 
3315, 26.570312, 13.52, -4.76, -0.48, 7.75, -6.98, -5.79 , 1.31, 0.53, 2.07 
3322, 27.361328, 14.23, -4.06, -1.31, 6.74, -0.09, -2.08 , 1.31, 0.60, 2.35 
3328, 28.152344, 16.55, -1.98, -3.14, 3.54, 2.76, -1.95 , 1.31, 0.58, 2.30 
3335, 28.943359, 14.92, -3.65, -4.25, 5.02, -5.76, 0.50 , 1.30, 0.48, 1.90 
3341, 29.822266, 13.87, -7.88, -2.81, 3.91, -7.95, 1.93 , 1.30, 0.44, 1.74 
3348, 30.613281, 11.29, -8.44, -3.94, 3.68, -6.55, 1.41 , 1.30, 0.33, 1.31 
3355, 31.316406, 10.42, -6.00, -1.60, 3.62, -3.83, 2.91 , 1.29, 0.28, 1.11 
3361, 32.019531, 8.95, -6.62, -1.75, 2.25, -5.10, 2.15 , 1.29, 0.26, 1.00 
3368, 32.722656, 8.43, -4.20, -1.19, 2.98, -4.26, 1.63 , 1.29, 0.24, 0.95 
3374, 33.337891, 7.64, -2.40, 0.04, 2.17, -0.15, 2.64 , 1.29, 0.24, 0.95 
3381, 33.865234, 7.40, -1.24, 0.86, 1.70, 3.45, 1.23 , 1.29, 0.23, 0.90 
3387, 34.304688, 7.68, -0.29, 1.26, -0.31, 0.92, 1.28 , 1.28, 0.15, 0.60 
3394, 34.656250, 7.36, 0.41, 0.40, 1.44, 2.38, 1.50 , 1.28, 0.17, 0.65 
3400, 35.007812, 8.15, -0.11, 0.10, 2.42, 0.70, -0.05 , 1.28, 0.11, 0.45 
3407, 35.183594, 8.57, -0.19, 0.02, 1.39, 1.58, 0.62 , 1.29, 0.18, 0.70 
3413, 35.183594, 9.17, 1.13, 0.11, 3.57, -2.24, 1.63 , 1.28, 0.08, 0.30 
3420, 35.183594, 8.24, -0.89, 0.78, 3.94, -7.23, -0.07 , 1.28, 0.05, 0.21 
3426, 35.183594, 8.34, -3.24, -0.79, 4.42, -8.86, 1.25 , 1.28, 0.04, 0.16 
3433, 35.183594, 8.08, -1.21, -1.11, 4.86, -7.79, 0.80 , 1.28, 0.04, 0.16 
3439, 35.183594, 7.95, 0.41, -0.68, 4.92, -5.28, 0.66 , 1.28, 0.04, 0.16 
3446, 35.183594, 7.90, -0.39, -0.39, 4.73, -4.35, -0.22 , 1.28, 0.05, 0.21 
3452, 35.095703, 8.22, -0.27, -0.88, 5.60, -4.12, -0.06 , 1.28, 0.04, 0.16 
3459, 34.919922, 8.49, 1.63, -0.75, 3.97, 2.46, 0.23 , 1.28, 0.03, 0.11 
3466, 34.832031, 8.58, 0.63, -1.02, 5.94, -1.88, 0.46 , 1.27, -0.09, -0.36 
3472, 34.568359, 8.43, -0.19, -1.09, 5.76, -3.74, -0.56 , 1.26, -0.14, -0.54 
3479, 34.392578, 8.24, -1.13, -1.69, 6.68, -3.90, -0.58 , 1.26, -0.23, -0.89 
3485, 34.041016, 7.87, -0.62, -1.40, 6.56, -4.73, -1.05 , 1.24, -0.50, -1.97 
3492, 33.777344, 7.51, -1.05, -1.41, 6.94, -3.00, -0.67 , 1.25, -0.31, -1.24 
3498, 33.162109, 7.40, -0.21, 0.54, 4.38, 4.41, 0.41 , 1.25, -0.29, -1.15 
3505, 32.458984, 8.09, 7.71, -0.42, 7.80, -0.25, -1.12 , 1.24, -0.50, -1.97 
3511, 31.843750, 7.63, 0.92, -0.67, 5.51, -4.56, -3.22 , 1.24, -0.50, -1.97 
3518, 31.052734, 6.34, 0.63, -2.35, 5.78, -4.30, -0.03 , 1.24, -0.50, -1.97 
3524, 30.173828, 6.52, 4.44, -2.64, 9.46, -7.17, -3.07 , 1.24, -0.52, -2.05 
3531, 29.294922, 6.83, -1.61, -0.40, 8.36, -9.84, -4.24 , 1.23, -0.58, -2.29 
3537, 28.503906, 6.45, -0.33, -2.67, 9.26, -11.47, -2.25 , 1.23, -0.54, -2.13 
3544, 27.537109, 7.95, 0.26, -4.25, 11.28, -5.43, -2.30 , 1.23, -0.55, -2.17 
3550, 26.570312, 5.34, -0.72, -1.58, 12.27, -4.19, -5.21 , 1.24, -0.51, -2.01 
3557, 25.603516, 6.74, 4.40, 0.58, 8.40, -9.02, -0.54 , 1.23, -0.58, -2.29 
3564, 24.724609, 5.87, 1.43, -3.47, 7.26, -7.50, -3.58 , 1.23, -0.59, -2.33 
3570, 23.669922, 5.61, -1.41, -0.46, 11.44, -4.44, -3.58 , 1.23, -0.58, -2.29 
3577, 22.615234, 6.23, -0.01, 3.02, 14.26, -3.59, -4.23 , 1.23, -0.58, -2.29 
3583, 22.000000, 4.75, 1.84, -2.76, 14.06, -5.09, -5.49 , 1.23, -0.60, -2.36 
3590, 20.417969, 10.13, 0.03, -0.66, 10.39, -5.98, -0.60 , 1.23, -0.54, -2.13 
3596, 19.275391, 7.44, 2.17, 0.22, 16.20, -14.67, -8.45 , 1.23, -0.60, -2.36 
3603, 18.308594, 8.33, -2.25, -1.35, 12.39, -11.70, -3.72 , 1.23, -0.64, -2.51 
3609, 17.341797, 8.43, -0.36, -3.69, 14.32, -11.67, -3.32 , 1.22, -0.65, -2.55 
3616, 16.287109, 8.71, 0.95, 0.96, 14.86, -14.64, -5.18 , 1.23, -0.62, -2.44 
3622, 15.320312, 9.58, 1.68, 1.05, 15.00, -13.29, -6.94 , 1.23, -0.63, -2.48 
3629, 14.353516, 10.05, 4.67, 1.30, 12.94, -9.49, -4.16 , 1.23, -0.59, -2.33 
3636, 13.298828, 11.01, 5.05, 2.76, 9.20, -3.52, -2.32 , 1.24, -0.50, -1.97 
3652, 10.574219, 8.79, 5.93, 3.76, 10.26, -14.38, -9.50 , 1.27, -0.08, -0.31 
3659, 9.519531, 6.99, 8.10, 3.27, 13.33, -18.25, -14.24 , 1.27, -0.03, -0.12 
3665, 8.552734, 8.38, 9.55, 2.02, 6.79, -19.61, -5.71 , 1.27, -0.11, -0.45 
3672, 7.761719, 5.89, 9.06, 1.62, 7.35, -19.61, -6.70 , 1.26, -0.20, -0.80 
3678, 6.882812, 6.72, 10.96, 0.68, 8.29, -16.15, -4.47 , 1.26, -0.15, -0.58 
3685, 6.003906, 5.65, 16.13, -0.49, 8.16, -16.26, -3.72 , 1.27, -0.11, -0.45 
3692, 5.212891, 6.24, 16.45, 0.33, 9.80, -14.81, -4.66 , 1.27, -0.02, -0.08 
3698, 4.597656, 7.04, 12.00, 1.92, 7.88, -11.64, -3.94 , 1.27, 0.00, 0.02 
3705, 3.982422, 8.87, 11.40, -0.06, 8.63, -14.31, -2.37 , 1.28, 0.04, 0.16 
3711, 3.455078, 8.77, 9.43, -0.65, 11.06, -11.70, -3.28 , 1.28, 0.05, 0.21 
3718, 3.103516, 10.18, 7.06, -0.78, 11.61, -12.12, -2.26 , 1.28, 0.08, 0.30 
3724, 2.839844, 10.28, 8.05, -0.74, 12.10, -7.22, -5.79 , 1.28, 0.04, 0.16 
3731, 2.576172, 12.05, 5.64, -0.78, 13.32, -2.90, -7.30 , 1.29, 0.19, 0.75 
3737, 2.488281, 12.97, 4.37, -0.69, 15.47, 14.89, -9.16 , 1.28, 0.17, 0.65 
3744, 2.400391, 14.73, 3.31, 0.07, 18.73, 19.61, -4.23 , 1.28, 0.08, 0.30 
3750, 2.312500, 16.73, 0.09, 0.16, 19.08, 19.61, 1.40 , 1.27, 0.00, 0.02 
3757, 2.224609, 18.09, -3.97, -0.29, 17.48, 19.61, -3.52 , 1.27, -0.09, -0.36 
3763, 2.136719, 18.01, -3.60, -0.50, 19.61, 6.15, 1.38 , 1.27, -0.10, -0.40 
3770, 1.960938, 16.50, -1.33, 0.57, 16.75, -1.23, 6.59 , 1.28, 0.04, 0.16 
3776, 1.785156, 14.71, 5.73, -0.88, 14.81, 0.85, 8.83 , 1.28, 0.11, 0.45 
3783, 1.609375, 13.56, 8.76, -0.77, 13.90, -4.61, 8.52 , 1.28, 0.13, 0.50 
3790, 1.609375, 15.48, 6.28, -2.39, 14.31, -7.73, 6.48 , 1.28, 0.08, 0.30 
3796, 1.609375, 14.87, 8.05, -3.49, 13.87, -2.86, 3.63 , 1.28, 0.10, 0.40 
3803, 1.609375, 13.15, 6.95, -1.15, 12.96, -2.61, 1.64 , 1.28, 0.15, 0.60 
3809, 1.609375, 13.00, 7.66, 0.13, 12.72, -1.35, 1.15 , 1.28, 0.13, 0.50 
3816, 1.697266, 11.72, 5.46, 3.96, 11.91, -1.03, -1.89 , 1.28, 0.15, 0.60 
3822, 1.873047, 11.31, 4.39, 3.37, 11.37, 0.49, -4.40 , 1.28, 0.15, 0.60 
3829, 2.048828, 10.73, 2.22, 3.65, 11.00, -0.79, -5.32 , 1.29, 0.18, 0.70 
3835, 2.224609, 10.01, 1.97, 2.24, 10.23, -1.49, -6.51 , 1.28, 0.17, 0.65 
3842, 2.488281, 9.77, 1.00, -0.20, 9.38, -1.91, -6.74 , 1.29, 0.20, 0.80 
3848, 2.839844, 9.27, 0.01, -2.72, 9.28, -2.63, -6.88 , 1.29, 0.22, 0.85 
3855, 3.191406, 8.83, -0.56, -4.09, 8.91, -5.70, -7.57 , 1.29, 0.19, 0.75 
3861, 3.542969, 8.51, -3.36, -4.24, 8.34, -7.02, -6.88 , 1.29, 0.24, 0.95 
3868, 3.982422, 7.67, -3.96, -3.98, 8.41, -8.97, -7.69 , 1.29, 0.20, 0.80 
3874, 4.509766, 7.30, -5.53, -4.78, 8.14, -9.81, -8.43 , 1.29, 0.24, 0.95 
3881, 5.037109, 7.23, -4.98, -4.81, 7.46, -11.15, -5.85 , 1.30, 0.33, 1.31 
3887, 5.652344, 6.60, -5.50, -5.95, 7.76, -10.11, -5.66 , 1.29, 0.20, 0.80 
3894, 6.355469, 5.95, -4.91, -6.56, 6.15, -10.67, -3.00 , 1.29, 0.20, 0.80 
3900, 7.058594, 6.37, -4.94, -6.39, 6.35, -6.55, -0.96 , 1.29, 0.20, 0.80 
3907, 7.673828, 6.23, -3.08, -6.45, 4.78, -4.14, -0.43 , 1.29, 0.22, 0.85 
3913, 8.201172, 6.86, -2.93, -5.63, 4.52, 0.42, -2.03 , 1.28, 0.15, 0.60 
3920, 8.728516, 8.45, -4.20, -3.67, 4.43, 3.73, -2.03 , 1.29, 0.20, 0.80 
3927, 8.992188, 8.58, -4.19, -1.88, 6.58, 5.26, -3.27 , 1.28, 0.13, 0.50 
3933, 9.080078, 10.13, -4.18, -0.12, 6.12, 4.37, -1.53 , 1.28, 0.04, 0.16 
3940, 9.255859, 9.43, -5.82, 0.20, 8.89, -4.36, -3.22 , 1.27, -0.03, -0.12 
3946, 9.431641, 10.67, -7.40, 0.28, 9.26, -7.06, -2.53 , 1.27, -0.07, -0.26 
3953, 9.519531, 10.21, -2.99, 0.61, 9.96, -6.75, -3.45 , 1.27, -0.03, -0.12 
3959, 9.519531, 11.44, -1.38, -0.58, 10.00, -2.52, -2.66 , 1.27, -0.08, -0.31 
3966, 9.519531, 11.18, 0.24, -1.02, 10.44, -3.70, -2.93 , 1.27, -0.02, -0.08 
3972, 9.519531, 11.57, 1.74, -1.17, 10.51, -4.24, -3.04 , 1.28, 0.03, 0.11 
3979, 9.519531, 11.64, 1.28, -1.46, 10.77, -4.96, -3.33 , 1.27, -0.02, -0.08 
3985, 9.431641, 11.40, 1.19, -1.84, 10.66, -5.16, -3.59 , 1.27, -0.03, -0.12 
3992, 9.431641, 11.06, 1.07, -2.26, 10.15, -2.99, -3.80 , 1.27, -0.03, -0.12 
3998, 9.343750, 10.66, 1.75, -2.33, 10.18, -2.02, -3.10 , 1.27, -0.04, -0.17 
4005, 9.343750, 10.26, 2.16, -2.11, 9.72, -0.22, -2.56 , 1.27, -0.04, -0.17 
4011, 9.167969, 9.88, 2.02, -2.09, 9.48, 0.85, -2.26 , 1.27, -0.04, -0.17 
4018, 9.080078, 9.53, 1.75, -1.86, 9.16, 0.50, -2.07 , 1.27, -0.08, -0.31 
4025, 8.904297, 9.00, 1.79, -1.50, 9.23, 0.35, -1.95 , 1.27, -0.09, -0.36 
4031, 8.728516, 9.04, 0.67, -1.74, 9.26, 2.00, -1.87 , 1.27, -0.10, -0.40 
4038, 8.464844, 8.75, 1.76, -1.54, 9.08, 2.52, -1.31 , 1.27, -0.04, -0.17 
4044, 8.113281, 8.62, 1.61, -1.84, 9.35, 3.38, -1.59 , 1.27, -0.04, -0.17 
4051, 7.849609, 9.07, 2.26, -1.87, 9.08, 2.66, -0.85 , 1.27, -0.09, -0.36 
4057, 7.498047, 8.65, 0.96, -1.76, 9.46, 2.13, -3.89 , 1.27, -0.02, -0.08 
4064, 7.146484, 8.84, 0.77, -1.29, 9.06, 2.62, -3.10 , 1.27, -0.04, -0.17 
4070, 6.882812, 8.82, 1.30, -1.56, 9.49, -0.45, -3.08 , 1.27, -0.06, -0.22 
4077, 6.531250, 8.85, 0.74, -1.78, 8.93, -0.18, -3.14 , 1.27, -0.03, -0.12 
4083, 6.355469, 8.84, 0.77, -1.66, 9.37, -1.22, -3.79 , 1.27, -0.03, -0.12 
4090, 6.091797, 9.23, 1.94, -1.52, 9.40, -1.17, -3.25 , 1.28, 0.04, 0.16 
4096, 5.828125, 9.33, 1.25, -1.52, 9.20, -1.39, -2.99 , 1.28, 0.04, 0.16 
4103, 5.652344, 9.75, 0.67, -1.64, 9.51, -3.21, -2.85 , 1.28, 0.05, 0.21 
4109, 5.476562, 9.42, 0.96, -2.41, 9.42, -3.37, -3.43 , 1.28, 0.04, 0.16 
4116, 5.388672, 9.46, 0.40, -2.21, 9.30, -2.92, -3.12 , 1.28, 0.05, 0.21 
4122, 5.388672, 9.30, -0.33, -2.12, 9.22, -2.71, -2.98 , 1.28, 0.07, 0.26 
4129, 5.388672, 9.25, 0.21, -2.22, 9.21, -2.68, -2.65 , 1.28, 0.04, 0.16 
4136, 5.388672, 9.12, 0.83, -2.32, 8.96, -1.18, -2.43 , 1.28, 0.05, 0.21 
4142, 5.388672, 9.04, 0.91, -2.24, 8.68, -1.33, -2.36 , 1.28, 0.04, 0.16 
4149, 5.388672, 8.98, 0.29, -2.09, 8.69, -1.77, -2.37 , 1.28, 0.04, 0.16 
4155, 5.388672, 8.94, -0.04, -1.87, 8.67, -1.52, -2.31 , 1.28, 0.04, 0.16 
4162, 5.388672, 8.82, -0.42, -1.71, 8.46, -1.47, -2.68 , 1.28, 0.04, 0.16 
4168, 5.388672, 8.72, -0.90, -1.70, 8.37, -1.65, -2.84 , 1.27, -0.08, -0.31 
4175, 5.388672, 8.66, -1.26, -1.62, 8.21, -1.84, -3.03 , 1.28, 0.04, 0.16 
4181, 5.388672, 8.63, -1.75, -1.40, 7.97, 0.63, -2.80 , 1.28, 0.04, 0.16 
4188, 5.300781, 8.59, -0.16, -1.04, 8.37, -2.83, -2.76 , 1.28, 0.04, 0.16 
4194, 5.300781, 8.59, -1.89, -0.84, 7.92, -2.38, -3.32 , 1.28, 0.04, 0.16 
4201, 5.300781, 8.71, -3.21, -1.70, 8.28, -2.94, -3.01 , 1.28, 0.04, 0.16 
4207, 5.300781, 8.88, -2.89, -1.54, 8.21, -3.80, -2.94 , 1.28, 0.04, 0.16 
4214, 5.300781, 8.55, -2.01, -1.56, 8.14, -3.64, -2.90 , 1.28, 0.04, 0.16 
4220, 5.300781, 8.68, -1.71, -1.28, 8.19, -3.37, -2.90 , 1.28, 0.04, 0.16 
4227, 5.300781, 8.80, -1.55, -1.19, 8.17, -3.57, -2.75 , 1.28, 0.04, 0.16 
4233, 5.300781, 9.16, -2.26, -1.96, 8.90, -3.28, -2.10 , 1.28, 0.04, 0.16 
4240, 5.300781, 8.78, -2.01, -0.43, 8.27, -4.96, -2.42 , 1.28, 0.03, 0.11 
4246, 5.300781, 9.05, -0.75, -1.18, 8.72, -4.00, -2.29 , 1.28, 0.04, 0.16 
4253, 5.300781, 9.17, -1.18, -0.86, 8.96, -3.47, -2.28 , 1.27, 0.00, 0.02 
4259, 5.300781, 9.43, -1.31, -1.12, 9.15, -3.01, -2.22 , 1.28, 0.03, 0.11 
4266, 5.300781, 9.45, -1.38, -1.06, 9.41, -2.73, -2.43 , 1.28, 0.03, 0.11 
4272, 5.300781, 9.68, -0.95, -1.37, 9.45, -2.40, -2.51 , 1.27, 0.02, 0.06 
4279, 5.300781, 9.73, -0.87, -1.57, 9.55, -1.86, -3.03 , 1.27, 0.02, 0.06 
4285, 5.300781, 9.82, -0.88, -1.80, 9.52, -1.65, -2.91 , 1.27, 0.00, 0.02 
4292, 5.300781, 9.83, -0.48, -1.60, 9.78, -1.79, -2.70 , 1.28, 0.04, 0.16 
4299, 5.300781, 9.93, -0.33, -1.74, 9.81, -1.54, -2.77 , 1.27, 0.02, 0.06 
4305, 5.300781, 9.97, 0.19, -1.87, 9.94, -1.63, -3.37 , 1.27, 0.00, 0.02 
4312, 5.300781, 10.14, 0.20, -2.15, 10.05, -1.45, -3.16 , 1.27, 0.02, 0.06 
4318, 5.300781, 10.39, 0.51, -2.09, 10.31, -2.28, -2.94 , 1.28, 0.03, 0.11 
4325, 5.300781, 10.61, 0.95, -2.36, 10.80, -2.34, -2.58 , 1.28, 0.03, 0.11 
4331, 5.300781, 10.97, 1.30, -2.38, 11.02, -2.99, -2.63 , 1.28, 0.04, 0.16 
4338, 5.300781, 11.03, 1.29, -2.46, 11.26, -2.98, -2.48 , 1.28, 0.04, 0.16 
4344, 5.300781, 11.08, 1.43, -2.64, 11.31, -2.60, -2.86 , 1.28, 0.04, 0.16 
4351, 5.300781, 11.14, 1.44, -2.73, 11.50, -2.24, -3.08 , 1.28, 0.05, 0.21 
4357, 5.300781, 11.31, 1.30, -3.09, 11.74, -2.20, -3.26 , 1.28, 0.07, 0.26 
4364, 5.300781, 11.64, 1.13, -3.44, 12.17, -1.97, -3.43 , 1.28, 0.09, 0.35 
4370, 5.300781, 12.36, 1.59, -3.62, 12.99, -1.50, -3.59 , 1.28, 0.15, 0.60 
4377, 5.388672, 12.97, 1.69, -3.71, 13.84, -1.64, -3.38 , 1.28, 0.11, 0.45 
4383, 5.476562, 13.35, 1.37, -2.86, 14.31, -3.11, -2.77 , 1.28, 0.11, 0.45 
4390, 5.652344, 14.40, -0.09, -3.26, 15.15, -1.50, -1.93 , 1.28, 0.15, 0.60 
4397, 5.828125, 14.51, 1.34, -2.16, 15.45, -1.72, -0.67 , 1.28, 0.17, 0.65 
4403, 6.003906, 14.80, 0.18, -1.60, 15.96, -1.25, -0.23 , 1.28, 0.13, 0.50 
4410, 6.267578, 15.19, 0.37, -0.91, 16.60, -1.55, 1.31 , 1.28, 0.08, 0.30 
4416, 6.531250, 15.23, 0.69, -0.68, 17.15, -0.64, 3.25 , 1.28, 0.10, 0.40 
4423, 6.882812, 15.25, 0.34, -0.20, 17.67, -0.16, 7.47 , 1.29, 0.19, 0.75 
4429, 7.146484, 14.60, 0.68, -0.04, 17.12, 2.07, 5.96 , 1.29, 0.19, 0.75 
4436, 7.498047, 15.72, -0.07, 0.26, 17.67, 2.61, 2.62 , 1.29, 0.23, 0.90 
4442, 7.937500, 14.99, 0.44, 2.30, 16.87, 0.95, -0.51 , 1.29, 0.23, 0.90 
4449, 8.464844, 13.67, -0.10, 2.28, 16.23, 2.14, -2.16 , 1.29, 0.23, 0.90 
4455, 8.992188, 12.10, -1.19, 2.19, 14.86, 1.48, -4.40 , 1.29, 0.28, 1.11 
4462, 9.607422, 11.42, -1.94, 1.47, 12.99, 2.34, -4.38 , 1.29, 0.26, 1.00 
4468, 10.310547, 9.92, -2.87, 0.04, 13.11, 0.27, -5.45 , 1.30, 0.33, 1.31 
4475, 11.101562, 10.07, -3.70, -0.11, 12.03, -0.84, -5.37 , 1.29, 0.26, 1.00 
4482, 11.980469, 9.98, -3.17, -0.88, 12.85, -3.01, -6.53 , 1.29, 0.28, 1.11 
4488, 12.859375, 8.79, -4.80, -1.13, 13.66, -6.49, -6.34 , 1.30, 0.39, 1.53 
4495, 14.001953, 9.84, -4.56, -0.31, 16.07, -5.32, -5.17 , 1.30, 0.44, 1.74 
4501, 14.880859, 10.65, -2.47, 0.33, 15.50, -8.57, -5.49 , 1.30, 0.47, 1.85 
4508, 15.935547, 10.50, -1.25, 0.69, 15.67, -3.06, -2.80 , 1.30, 0.48, 1.90 
4514, 17.253906, 10.91, -2.54, 1.27, 19.61, -9.17, -4.30 , 1.31, 0.51, 2.02 
4521, 18.660156, 11.83, -4.81, 0.52, 13.39, -3.50, -0.98 , 1.31, 0.66, 2.58 
4527, 19.978516, 11.68, -2.08, 0.64, 12.11, 5.99, -4.06 , 1.32, 0.87, 3.41 
4534, 21.033203, 13.24, -2.17, 0.95, 10.25, 14.21, -5.27 , 1.32, 0.84, 3.29 
4540, 21.912109, 14.31, -0.51, 1.77, 9.64, 1.73, -7.15 , 1.32, 0.76, 2.99 
4547, 23.406250, 16.48, -3.32, 1.02, 10.77, -8.76, -6.12 , 1.32, 0.82, 3.23 
4554, 24.460938, 13.72, -3.01, 2.92, 5.88, -11.57, -4.89 , 1.31, 0.64, 2.52 
4560, 25.515625, 12.17, -3.93, 0.71, 11.65, -16.48, -2.48 , 1.31, 0.61, 2.41 
4567, 26.570312, 17.05, -7.65, -1.45, 7.17, -7.25, -1.49 , 1.31, 0.64, 2.52 
4573, 27.537109, 12.96, 1.27, -2.58, 3.90, 4.68, -3.98 , 1.31, 0.67, 2.64 
4580, 28.328125, 15.16, -1.85, -4.80, 4.37, 0.70, -2.74 , 1.31, 0.61, 2.41 
4586, 29.119141, 13.55, -3.67, -6.62, 6.91, -6.23, -1.13 , 1.31, 0.54, 2.13 
4593, 29.998047, 13.31, -6.97, -3.67, 3.35, -6.37, 2.10 , 1.30, 0.46, 1.80 
4599, 30.789062, 10.13, -8.93, -5.40, 3.88, -8.19, -1.11 , 1.30, 0.43, 1.69 
4606, 31.580078, 9.57, -6.80, -2.82, 2.28, -3.86, 2.67 , 1.30, 0.36, 1.42 
4612, 32.371094, 8.94, -6.83, -3.29, 0.68, -5.60, 1.58 , 1.29, 0.24, 0.95 
4619, 33.162109, 7.36, -4.68, -2.08, 0.12, -3.97, 2.26 , 1.29, 0.27, 1.05 
4626, 33.865234, 7.60, -3.80, -0.98, -0.30, 1.58, 0.65 , 1.29, 0.27, 1.05 
4632, 34.480469, 7.10, -2.02, -0.42, -0.07, 2.08, 0.36 , 1.29, 0.27, 1.05 
4639, 35.007812, 7.41, -0.48, -0.28, 1.06, 0.39, 0.59 , 1.29, 0.24, 0.95 
4645, 35.535156, 7.82, -0.75, -0.24, 1.23, 1.19, -0.62 , 1.29, 0.22, 0.85 
4652, 36.062500, 8.40, -0.83, -0.21, 0.09, 3.00, 0.31 , 1.28, 0.17, 0.65 
4658, 36.326172, 8.22, 1.25, -0.29, 1.49, 3.96, 1.62 , 1.28, 0.13, 0.50 
4665, 36.501953, 8.23, 1.41, -0.35, 1.19, 2.54, 0.95 , 1.29, 0.24, 0.95 
4671, 36.589844, 9.11, 0.19, -0.21, 3.04, 2.39, 0.86 , 1.28, 0.10, 0.40 
4678, 36.589844, 7.89, -0.53, -0.58, 3.74, -8.04, 0.99 , 1.28, 0.13, 0.50 
4684, 36.589844, 8.32, -2.38, -0.77, 3.58, -5.97, 1.21 , 1.28, 0.10, 0.40 
4691, 36.589844, 7.80, 0.54, -0.66, 3.17, -5.98, 1.32 , 1.28, 0.07, 0.26 
4697, 36.589844, 7.69, -1.19, -0.38, 3.50, -3.94, -0.02 , 1.28, 0.07, 0.26 
4704, 36.589844, 7.77, -1.26, -1.57, 4.11, -5.28, -0.31 , 1.28, 0.05, 0.21 
4710, 36.589844, 7.46, -0.23, -1.98, 4.48, -2.79, -0.67 , 1.28, 0.04, 0.16 
4717, 36.326172, 8.23, 1.15, -1.43, 3.78, -2.34, -0.17 , 1.27, -0.06, -0.22 
4723, 36.238281, 7.83, 0.50, -1.65, 4.15, -1.21, -0.55 , 1.26, -0.15, -0.58 
4730, 35.974609, 7.92, -0.15, -1.41, 4.62, -3.99, -1.60 , 1.26, -0.20, -0.80 
4736, 35.710938, 7.76, -0.81, -1.97, 5.49, -3.65, -0.86 , 1.25, -0.29, -1.15 
4743, 35.447266, 7.45, -0.43, -1.44, 5.26, -2.14, -1.34 , 1.25, -0.31, -1.24 
4750, 34.919922, 7.74, 0.91, -1.28, 5.58, 1.59, -0.88 , 1.26, -0.26, -1.02 
4756, 34.304688, 7.50, 1.69, -0.63, 4.76, 4.67, -1.11 , 1.25, -0.27, -1.07 
4763, 33.601562, 8.03, 5.06, -2.94, 5.30, 1.23, -0.76 , 1.24, -0.50, -1.97 
4769, 32.810547, 7.31, 1.41, -1.61, 4.86, -2.83, -2.59 , 1.24, -0.50, -1.97 
4776, 32.019531, 6.37, -0.83, 0.03, 7.52, -6.29, -4.42 , 1.23, -0.55, -2.17 
4782, 31.140625, 6.33, 1.20, -2.15, 9.07, -10.75, -3.92 , 1.23, -0.58, -2.29 
4789, 30.261719, 5.52, -0.60, -0.77, 8.71, -9.08, -6.14 , 1.23, -0.58, -2.29 
4795, 29.294922, 4.92, -1.36, -0.66, 8.70, -5.39, -4.52 , 1.22, -0.65, -2.55 
4802, 28.416016, 5.80, -0.00, -1.24, 9.77, -10.96, -4.17 , 1.23, -0.64, -2.51 
4808, 27.449219, 7.56, -0.39, -3.29, 9.74, -7.69, -3.86 , 1.23, -0.63, -2.48 
4815, 26.394531, 4.52, 0.16, 0.00, 9.32, -5.75, -5.23 , 1.22, -0.65, -2.55 
4822, 25.427734, 9.39, 2.95, -2.80, 8.25, -8.98, 1.12 , 1.22, -0.66, -2.59 
4828, 24.460938, 5.77, 0.05, -2.61, 12.00, -2.86, -6.26 , 1.23, -0.64, -2.51 
4835, 23.318359, 7.65, -1.27, 0.11, 13.27, -2.13, -3.78 , 1.22, -0.66, -2.59 
4841, 22.175781, 9.38, 0.23, -2.38, 9.18, -7.66, -0.08 , 1.22, -0.65, -2.55 
4848, 22.000000, 10.99, 0.19, 0.34, 11.78, -8.43, -8.57 , 1.23, -0.64, -2.51 
4854, 19.890625, 5.88, -0.18, 0.82, 14.41, -7.68, -8.67 , 1.22, -0.65, -2.55 
4861, 18.835938, 10.05, 3.74, -1.86, 14.63, -10.02, -0.72 , 1.22, -0.72, -2.81 
4867, 17.781250, 8.18, 1.32, -0.21, 17.12, -6.59, -7.44 , 1.22, -0.76, -2.99 
4874, 16.638672, 10.03, 0.75, -1.18, 17.89, -13.67, -6.76 , 1.21, -0.80, -3.13 
4880, 15.583984, 12.07, 1.37, 0.72, 16.62, -11.62, -5.11 , 1.21, -0.82, -3.24 
4887, 14.529297, 10.61, -0.22, 3.63, 17.93, -12.82, -8.64 , 1.21, -0.80, -3.13 
4894, 13.386719, 11.30, 4.95, 5.26, 19.61, -8.49, -6.65 , 1.22, -0.65, -2.55 
4910, 10.574219, 13.28, 2.53, 6.34, 7.96, -12.59, -9.49 , 1.26, -0.25, -0.98 
4917, 9.431641, 5.80, 8.51, 7.09, 11.13, -15.30, -6.07 , 1.27, -0.13, -0.49 
4923, 8.376953, 6.88, 11.89, 5.97, 5.75, -19.61, -3.45 , 1.26, -0.16, -0.63 
4930, 7.410156, 3.80, 13.40, 0.05, 3.01, -19.61, -3.20 , 1.26, -0.14, -0.54 
4936, 6.531250, 2.59, 13.76, 0.24, 5.43, -19.61, -6.95 , 1.26, -0.14, -0.54 
4943, 5.652344, 2.57, 17.04, 1.23, 8.34, -19.61, -5.12 , 1.27, -0.09, -0.36 
4949, 4.949219, 4.85, 15.57, -0.94, 6.92, -13.52, -3.33 , 1.27, -0.02, -0.08 
4956, 4.333984, 7.07, 11.15, -0.43, 7.32, -13.35, -4.86 , 1.27, 0.02, 0.06 
4963, 3.718750, 7.89, 12.41, -0.02, 11.01, -10.21, -4.80 , 1.28, 0.04, 0.16 
4969, 3.191406, 10.13, 9.20, 1.47, 11.25, -5.54, -11.29 , 1.28, 0.10, 0.40 
4976, 2.839844, 12.20, 6.41, 1.57, 13.19, 5.44, -15.05 , 1.28, 0.08, 0.30 
4982, 2.488281, 14.70, 6.92, 2.33, 17.89, 18.58, -8.52 , 1.28, 0.07, 0.26 
4989, 2.312500, 16.22, 3.39, 1.87, 18.97, 19.61, -2.59 , 1.27, 0.00, 0.02 
4995, 2.048828, 17.91, -3.09, -0.64, 18.96, 19.61, 0.49 , 1.27, -0.04, -0.17 
5002, 1.785156, 18.20, -4.97, -2.89, 19.61, 7.92, -2.16 , 1.27, -0.04, -0.17 
5008, 1.521484, 18.12, -4.25, -2.84, 17.63, 3.22, 2.54 , 1.28, 0.04, 0.16 
5015, 1.257812, 17.54, -0.85, -2.19, 18.43, 2.03, 8.95 , 1.28, 0.15, 0.60 
5021, 1.082031, 16.57, 2.63, -2.84, 16.97, 4.04, 9.22 , 1.28, 0.14, 0.55 
5028, 0.994141, 16.39, 3.35, -2.34, 17.84, 2.28, 6.54 , 1.28, 0.14, 0.55 
5034, 0.994141, 17.79, 2.46, -3.60, 17.82, 3.65, 3.27 , 1.28, 0.17, 0.65 
5041, 0.994141, 17.78, 3.98, -2.13, 16.17, 1.43, 1.43 , 1.28, 0.09, 0.35 
5048, 0.994141, 16.38, 6.51, -0.33, 15.58, -0.69, 1.73 , 1.29, 0.23, 0.90 
5054, 1.082031, 15.43, 6.28, 0.62, 14.56, -0.31, -1.24 , 1.28, 0.11, 0.45 
5061, 1.169922, 14.08, 8.11, 1.10, 12.67, -5.42, -2.85 , 1.28, 0.10, 0.40 
5067, 1.433594, 11.75, 7.08, 1.27, 11.05, -1.43, -2.77 , 1.28, 0.15, 0.60 
5074, 1.609375, 10.15, 6.98, 1.51, 9.34, -3.10, -3.33 , 1.28, 0.13, 0.50 
5080, 1.785156, 8.08, 6.05, 1.58, 7.72, -2.88, -3.69 , 1.29, 0.20, 0.80 
5087, 2.048828, 6.68, 4.84, 1.36, 7.15, -2.78, -3.79 , 1.29, 0.20, 0.80 
5093, 2.312500, 5.87, 4.17, 1.36, 5.86, -4.93, -4.04 , 1.29, 0.22, 0.85 
5100, 2.751953, 4.80, 3.50, 0.27, 5.49, -4.45, -4.84 , 1.29, 0.18, 0.70 
5106, 3.103516, 4.54, 2.05, -1.07, 4.82, -5.66, -5.40 , 1.29, 0.18, 0.70 
5113, 3.542969, 4.28, 1.36, -2.18, 5.55, -4.67, -5.47 , 1.29, 0.20, 0.80 
5119, 3.982422, 5.00, -1.54, -2.98, 6.15, -4.64, -4.51 , 1.29, 0.22, 0.85 
5126, 4.421875, 5.27, -2.79, -3.27, 6.54, -4.42, -3.58 , 1.29, 0.24, 0.95 
5132, 4.949219, 5.82, -4.15, -4.24, 7.58, -3.87, -2.46 , 1.29, 0.24, 0.95 
5139, 5.476562, 6.71, -5.30, -5.29, 7.85, -6.39, -2.75 , 1.29, 0.22, 0.85 
5145, 6.003906, 7.10, -6.10, -6.06, 7.64, -7.92, -2.99 , 1.28, 0.13, 0.50 
5152, 6.619141, 7.66, -6.35, -6.25, 5.61, -3.31, -3.25 , 1.29, 0.19, 0.75 
5158, 7.146484, 7.91, -4.96, -6.54, 8.18, -3.17, -2.48 , 1.29, 0.19, 0.75 
5165, 7.673828, 9.72, -4.61, -5.93, 7.78, -2.79, -2.00 , 1.29, 0.20, 0.80 
5171, 8.113281, 9.99, -5.11, -5.37, 8.22, -2.36, -2.15 , 1.29, 0.18, 0.70 
5178, 8.464844, 10.67, -6.89, -3.91, 7.01, -0.77, -2.17 , 1.28, 0.11, 0.45 
5184, 8.728516, 10.44, -6.90, -2.89, 6.93, -0.95, -1.84 , 1.28, 0.08, 0.30 
5191, 8.904297, 9.95, -5.26, -2.02, 8.04, -2.23, -2.93 , 1.27, -0.04, -0.17 
5198, 9.080078, 10.48, -6.46, -1.14, 7.96, -3.21, -2.59 , 1.27, 0.00, 0.02 
5204, 9.167969, 10.17, -6.61, -0.91, 8.49, -5.32, -3.42 , 1.27, -0.02, -0.08 
5211, 9.167969, 10.27, -4.83, -0.51, 8.63, -6.70, -3.10 , 1.27, -0.04, -0.17 
5217, 9.167969, 10.25, -2.53, -0.63, 9.00, -4.21, -2.96 , 1.27, -0.02, -0.08 
5224, 9.167969, 10.43, -1.40, -0.47, 9.45, -4.55, -2.87 , 1.27, -0.01, -0.03 
5230, 9.167969, 10.72, -0.67, -0.81, 9.84, -4.47, -2.92 , 1.27, -0.02, -0.08 
5237, 9.167969, 10.86, 0.12, -1.09, 10.02, -3.72, -3.37 , 1.27, -0.03, -0.12 
5243, 9.167969, 10.85, 0.83, -1.36, 10.06, -2.65, -3.53 , 1.27, 0.00, 0.02 
5250, 9.167969, 10.71, 1.38, -1.60, 9.87, -2.04, -3.71 , 1.27, -0.02, -0.08 
5256, 9.167969, 10.51, 1.34, -1.90, 9.88, -2.04, -3.54 , 1.27, -0.01, -0.03 
5263, 9.167969, 10.07, 1.13, -2.21, 9.50, -1.68, -3.36 , 1.27, -0.02, -0.08 
5269, 9.167969, 9.78, 0.84, -2.51, 9.13, -1.06, -3.45 , 1.27, -0.04, -0.17 
5276, 9.080078, 9.49, 0.90, -2.64, 8.88, -0.57, -3.07 , 1.27, -0.04, -0.17 
5282, 9.080078, 9.25, 1.14, -2.56, 8.82, 0.63, -2.53 , 1.27, -0.09, -0.36 
5289, 8.992188, 9.14, 1.61, -2.72, 8.81, 1.53, -2.00 , 1.27, -0.09, -0.36 
5296, 8.816406, 9.12, 1.93, -2.65, 8.76, 2.78, -1.85 , 1.27, -0.07, -0.26 
5302, 8.640625, 9.28, 2.88, -2.85, 8.99, 3.57, -2.06 , 1.27, -0.07, -0.26 
5309, 8.464844, 9.18, 3.16, -2.68, 8.97, 2.55, -2.44 , 1.27, -0.03, -0.12 
5315, 8.201172, 9.30, 1.63, -2.59, 9.25, 2.13, -2.52 , 1.27, -0.08, -0.31 
5322, 7.937500, 9.25, 2.25, -2.36, 9.45, 1.42, -2.21 , 1.27, -0.09, -0.36 
5328, 7.585938, 8.94, 1.80, -1.95, 9.57, 0.81, -2.41 , 1.27, -0.09, -0.36 
5335, 7.234375, 8.85, 2.58, -1.38, 9.83, 0.32, -1.48 , 1.27, -0.04, -0.17 
5341, 6.970703, 9.67, 4.04, -1.60, 10.05, 1.07, -1.78 , 1.27, -0.03, -0.12 
5348, 6.619141, 9.54, 3.17, -1.07, 11.29, -1.50, -1.33 , 1.27, -0.06, -0.22 
5354, 6.355469, 10.51, 3.47, -0.19, 9.88, -3.68, -1.30 , 1.27, -0.04, -0.17 
5361, 6.091797, 9.75, 2.11, -0.63, 10.51, -2.45, -1.69 , 1.27, 0.02, 0.06 
5367, 5.916016, 10.01, 2.75, -0.24, 10.38, -1.87, -1.26 , 1.28, 0.04, 0.16 
5374, 5.652344, 9.75, 3.32, -0.24, 10.50, -1.90, -1.49 , 1.28, 0.03, 0.11 
5380, 5.476562, 9.94, 1.88, -0.29, 10.09, -1.59, -1.65 , 1.28, 0.04, 0.16 
5387, 5.388672, 9.82, 1.26, -0.99, 10.00, -1.94, -1.53 , 1.28, 0.04, 0.16 
5394, 5.300781, 9.76, 0.79, -0.80, 9.97, -2.77, -2.10 , 1.28, 0.03, 0.11 
5400, 5.212891, 9.57, -0.29, -0.80, 9.60, -2.24, -2.61 , 1.28, 0.03, 0.11 
5407, 5.212891, 9.31, -0.85, -1.13, 9.37, -1.23, -2.48 , 1.27, 0.02, 0.06 
5413, 5.125000, 9.14, -0.47, -1.41, 9.06, -0.78, -2.74 , 1.28, 0.04, 0.16 
5420, 5.125000, 8.91, -0.71, -1.63, 8.77, 0.22, -2.86 , 1.28, 0.04, 0.16 
5426, 5.037109, 8.93, -0.90, -1.87, 8.60, -0.77, -2.83 , 1.28, 0.04, 0.16 
5433, 5.037109, 8.86, -1.64, -1.71, 8.43, -0.73, -2.94 , 1.28, 0.03, 0.11 
5439, 5.125000, 8.81, -2.20, -1.31, 8.36, -0.88, -3.00 , 1.28, 0.04, 0.16 
5446, 5.125000, 8.79, -2.69, -0.96, 8.28, -1.43, -3.29 , 1.28, 0.04, 0.16 
5452, 5.125000, 8.92, -2.60, -0.87, 8.33, -2.33, -3.22 , 1.28, 0.04, 0.16 
5459, 5.037109, 9.01, -2.84, -0.76, 8.40, -2.95, -3.15 , 1.28, 0.03, 0.11 
5465, 5.037109, 9.34, -2.84, -1.07, 8.58, -3.76, -3.08 , 1.28, 0.03, 0.11 
5472, 5.125000, 9.46, -2.59, -1.24, 8.66, -4.34, -3.10 , 1.28, 0.04, 0.16 
5478, 5.037109, 9.56, -2.32, -1.61, 8.69, -4.98, -3.10 , 1.28, 0.04, 0.16 
5485, 5.037109, 9.47, -2.05, -1.83, 8.69, -5.31, -2.88 , 1.28, 0.04, 0.16 
5491, 5.037109, 9.48, -1.71, -1.90, 8.73, -5.07, -2.70 , 1.28, 0.04, 0.16 
5498, 5.037109, 9.42, -1.64, -2.01, 8.72, -4.42, -3.07 , 1.28, 0.04, 0.16 
5504, 5.037109, 9.30, -1.69, -1.93, 8.61, -3.37, -3.10 , 1.28, 0.04, 0.16 
5511, 5.125000, 9.17, -1.79, -1.61, 8.60, -2.37, -3.11 , 1.28, 0.05, 0.21 
5517, 5.037109, 9.16, -1.83, -1.24, 8.77, -1.61, -2.94 , 1.28, 0.04, 0.16 
5524, 5.037109, 9.18, -1.75, -0.99, 8.75, -1.02, -2.96 , 1.28, 0.04, 0.16 
5530, 5.125000, 9.31, -1.96, -0.96, 8.88, -0.58, -3.23 , 1.28, 0.04, 0.16 
5537, 5.037109, 9.43, -1.82, -1.32, 9.01, -0.31, -2.94 , 1.28, 0.04, 0.16 
5543, 5.037109, 9.46, -1.61, -1.81, 9.04, -0.49, -2.63 , 1.28, 0.04, 0.16 
5550, 5.037109, 9.53, -1.15, -2.40, 9.05, -1.00, -2.32 , 1.28, 0.04, 0.16 
5557, 5.125000, 9.48, -0.42, -2.95, 9.08, -1.59, -2.19 , 1.28, 0.04, 0.16 
5563, 5.125000, 9.51, 0.33, -3.17, 9.00, -2.01, -2.53 , 1.28, 0.04, 0.16 
5570, 5.037109, 9.39, 1.13, -3.26, 8.96, -2.28, -2.98 , 1.28, 0.04, 0.16 
5576, 5.037109, 9.41, 1.95, -3.28, 9.07, -2.37, -3.21 , 1.28, 0.04, 0.16 
5583, 5.125000, 9.52, 2.48, -3.35, 9.25, -2.46, -3.36 , 1.28, 0.04, 0.16 
5589, 5.125000, 9.64, 2.68, -3.51, 9.55, -2.66, -3.16 , 1.28, 0.03, 0.11 
5596, 5.125000, 9.80, 2.28, -3.18, 9.79, -3.82, -3.35 , 1.28, 0.05, 0.21 
5602, 5.125000, 9.70, 2.71, -3.02, 9.92, -2.58, -3.37 , 1.28, 0.05, 0.21 
5609, 5.125000, 9.72, 3.02, -2.94, 9.71, -2.10, -3.29 , 1.28, 0.07, 0.26 
5615, 5.125000, 9.56, 2.19, -2.86, 9.96, -2.23, -3.18 , 1.28, 0.08, 0.30 
5622, 5.125000, 9.87, 1.39, -2.79, 10.33, -2.35, -3.08 , 1.28, 0.09, 0.35 
5628, 5.125000, 10.47, 0.66, -2.93, 10.97, -2.03, -3.40 , 1.28, 0.17, 0.65 
5635, 5.212891, 11.01, 0.28, -2.74, 11.54, -2.85, -3.45 , 1.28, 0.17, 0.65 
5641, 5.300781, 11.31, -0.95, -2.35, 11.88, -3.43, -3.58 , 1.28, 0.15, 0.60 
5648, 5.476562, 12.56, -2.21, -3.47, 12.64, -3.54, -3.13 , 1.28, 0.13, 0.50 
5654, 5.652344, 12.50, -1.08, -2.96, 12.54, -3.74, -2.89 , 1.28, 0.11, 0.45 
5661, 5.828125, 12.75, -1.71, -2.67, 12.90, -3.04, -2.50 , 1.28, 0.10, 0.40 
5667, 6.003906, 13.24, -1.45, -2.26, 13.56, -3.08, -2.18 , 1.28, 0.07, 0.26 
5674, 6.267578, 13.49, -1.98, -2.07, 13.56, -3.34, -1.91 , 1.28, 0.10, 0.40 
5681, 6.443359, 13.70, -2.15, -2.01, 13.82, -2.29, -1.68 , 1.28, 0.13, 0.50 
5687, 6.707031, 13.84, -2.10, -2.23, 13.86, -1.53, -1.46 , 1.29, 0.18, 0.70 
5694, 6.970703, 13.88, -2.37, -1.87, 13.82, -2.16, -1.25 , 1.29, 0.18, 0.70 
5700, 7.146484, 13.68, -2.70, -1.56, 13.56, -1.73, -1.28 , 1.28, 0.17, 0.65 
5707, 7.498047, 13.60, -2.77, -1.30, 13.49, -2.06, -0.45 , 1.29, 0.22, 0.85 
5713, 7.761719, 13.16, -3.40, -0.95, 13.23, -1.54, 0.33 , 1.29, 0.20, 0.80 
5720, 8.201172, 12.65, -3.54, -0.74, 13.34, -4.04, 0.35 , 1.29, 0.22, 0.85 
5726, 8.552734, 12.49, -3.53, -0.58, 13.12, -2.65, 0.12 , 1.29, 0.24, 0.95 
5733, 8.992188, 12.17, -2.94, 0.06, 13.35, -4.27, -0.40 , 1.29, 0.20, 0.80 
5739, 9.431641, 11.89, -3.53, 0.30, 13.30, -3.69, -1.78 , 1.29, 0.24, 0.95 
5746, 9.958984, 11.25, -2.95, 0.88, 11.82, -3.29, -1.86 , 1.29, 0.24, 0.95 
5752, 10.574219, 10.54, -3.30, 0.89, 11.33, -2.22, -3.32 , 1.29, 0.27, 1.05 
5759, 11.277344, 9.13, -2.84, 0.22, 10.60, -2.16, -4.71 , 1.29, 0.28, 1.11 
5765, 11.980469, 9.14, -3.67, 0.23, 9.79, -2.38, -4.35 , 1.29, 0.29, 1.16 
5772, 12.683594, 7.67, -3.94, -0.60, 9.26, -0.50, -4.36 , 1.29, 0.28, 1.11 
5778, 13.474609, 8.04, -3.14, -0.57, 8.00, 0.02, -3.66 , 1.29, 0.31, 1.21 
5785, 14.353516, 7.56, -2.32, -1.25, 8.88, -3.06, -4.64 , 1.29, 0.29, 1.16 
5792, 15.232422, 7.22, -5.27, -1.33, 9.31, -0.94, -4.42 , 1.29, 0.26, 1.00 
5798, 16.111328, 8.22, -3.32, -1.29, 10.84, -4.52, -4.49 , 1.29, 0.32, 1.26 
5805, 16.990234, 9.35, -5.57, -0.60, 10.02, -4.12, -4.30 , 1.30, 0.37, 1.47 
5811, 17.869141, 10.08, -2.26, -0.80, 12.59, -2.68, -2.89 , 1.30, 0.46, 1.80 
5818, 18.835938, 10.87, -4.36, 0.83, 11.77, -1.10, -2.02 , 1.30, 0.46, 1.80 
5824, 19.714844, 11.33, -3.70, 0.68, 10.99, -3.24, -1.90 , 1.30, 0.46, 1.80 
5831, 20.769531, 11.61, -3.88, 0.71, 12.20, -2.97, 0.11 , 1.30, 0.46, 1.80 
5837, 21.736328, 11.96, -5.31, 0.90, 10.47, -2.49, -1.46 , 1.30, 0.44, 1.74 
5844, 21.912109, 13.04, -2.89, -0.13, 7.36, -1.76, -0.71 , 1.30, 0.46, 1.80 
5850, 23.669922, 11.66, -5.44, 0.11, 8.02, -5.17, -3.58 , 1.30, 0.46, 1.80 
5857, 24.636719, 13.09, -4.43, -0.12, 6.45, -12.03, -1.17 , 1.30, 0.46, 1.80 
5863, 25.515625, 11.42, -4.67, -0.14, 3.73, -10.63, -2.29 , 1.30, 0.46, 1.80 
5870, 26.394531, 10.38, -3.56, -0.11, 4.21, -6.85, -2.51 , 1.30, 0.46, 1.80 
5877, 27.185547, 11.93, -4.64, -1.27, 2.23, -6.91, -2.62 , 1.30, 0.46, 1.80 
5883, 28.064453, 11.26, -3.30, -1.04, 3.32, -8.78, -2.01 , 1.30, 0.40, 1.58 
5890, 28.943359, 9.60, -5.78, -0.99, 2.47, -3.90, -0.48 , 1.30, 0.36, 1.42 
5896, 29.646484, 10.92, -5.41, -1.14, -0.73, -5.40, -0.75 , 1.30, 0.37, 1.47 
5903, 30.349609, 11.93, -4.32, -2.23, -0.01, -3.94, 1.81 , 1.29, 0.28, 1.11 
5909, 31.052734, 10.71, -4.63, -1.72, 0.30, -8.03, -1.01 , 1.29, 0.24, 0.95 
5916, 31.755859, 10.18, -4.28, -2.07, 0.31, -5.08, 0.07 , 1.29, 0.24, 0.95 
5922, 32.371094, 10.81, -2.71, -1.87, 0.77, -4.41, 1.12 , 1.29, 0.24, 0.95 
5929, 32.810547, 10.07, -1.97, -1.93, 0.57, -2.96, -0.56 , 1.29, 0.20, 0.80 
5935, 33.250000, 10.54, -0.54, -1.54, -0.92, -4.11, 1.88 , 1.28, 0.15, 0.60 
5942, 33.601562, 10.36, 0.16, -2.16, 0.03, -2.57, 0.68 , 1.28, 0.17, 0.65 
5948, 33.865234, 10.25, -0.24, -1.27, -1.27, -2.68, -0.05 , 1.28, 0.17, 0.65 
5955, 34.041016, 9.64, -0.31, -1.30, -1.64, -3.05, -0.35 , 1.28, 0.09, 0.35 
5961, 34.041016, 9.94, 0.95, -1.19, 0.81, -7.69, -0.29 , 1.28, 0.03, 0.11 
5968, 34.041016, 8.81, -1.84, -1.22, 0.50, -10.67, -0.45 , 1.28, 0.04, 0.16 
5975, 34.041016, 8.69, -2.49, -1.29, 1.03, -10.47, -1.04 , 1.28, 0.03, 0.11 
5981, 34.041016, 8.25, -1.98, -1.30, 0.48, -8.75, -0.84 , 1.28, 0.03, 0.11 
5988, 34.041016, 8.22, -1.84, -0.40, 1.27, -9.54, -0.70 , 1.28, 0.04, 0.16 
5994, 34.041016, 8.19, -0.95, -0.44, 1.11, -7.55, -0.46 , 1.27, -0.07, -0.26 
6001, 34.041016, 8.35, -0.35, -0.12, 1.22, -7.41, -0.63 , 1.27, 0.00, 0.02 
6007, 34.041016, 8.55, -1.21, 0.06, 1.20, -6.75, -0.52 , 1.27, 0.02, 0.06 
6014, 34.041016, 8.56, -0.88, -0.08, 1.46, -8.15, -1.11 , 1.27, -0.03, -0.12 
6020, 34.041016, 8.56, -1.80, -0.02, 1.98, -7.97, -1.44 , 1.27, -0.07, -0.26 
6037, 33.689453, 8.90, -1.46, -0.16, 1.88, -6.21, -1.42 , 1.26, -0.14, -0.54 
6043, 33.513672, 9.05, -1.24, -0.04, 1.93, -6.34, -1.52 , 1.26, -0.15, -0.58 
6050, 33.337891, 8.92, -0.87, -0.46, 2.08, -5.81, -1.44 , 1.26, -0.15, -0.58 
6056, 33.074219, 9.08, -0.46, -0.30, 1.77, -5.40, -1.58 , 1.26, -0.15, -0.58 
6063, 32.634766, 9.36, 0.89, -0.67, 2.40, -5.28, -1.03 , 1.26, -0.19, -0.76 
6070, 32.283203, 9.39, 0.70, 0.15, 2.03, -7.64, -2.22 , 1.26, -0.14, -0.54 
6076, 31.843750, 9.28, 1.10, -0.48, 2.72, -8.98, -2.42 , 1.26, -0.17, -0.67 
6083, 31.404297, 9.39, 1.70, -1.16, 3.49, -9.99, -2.19 , 1.26, -0.16, -0.63 
6089, 30.876953, 9.42, 1.02, -0.92, 4.08, -10.88, -2.15 , 1.27, -0.13, -0.49 
6096, 30.437500, 9.48, 0.81, -1.36, 4.33, -9.83, -1.60 , 1.26, -0.16, -0.63 
6102, 29.910156, 9.07, 2.27, -0.51, 5.49, -12.97, -2.78 , 1.26, -0.20, -0.80 
6109, 29.382812, 9.44, 1.04, -0.21, 4.73, -11.58, -2.43 , 1.26, -0.18, -0.72 
6115, 28.855469, 9.37, 0.72, -1.37, 4.27, -8.74, -2.08 , 1.26, -0.14, -0.54 
6122, 28.328125, 9.37, 3.33, -0.32, 6.26, -9.47, -1.96 , 1.27, -0.09, -0.36 
6128, 27.800781, 10.74, 2.79, 0.85, 4.31, -10.52, -2.99 , 1.26, -0.14, -0.54 
6135, 27.185547, 9.51, 0.79, -0.70, 5.03, -8.49, -1.29 , 1.26, -0.22, -0.85 
6141, 26.570312, 9.85, 1.80, 0.67, 7.52, -9.85, -1.56 , 1.27, -0.13, -0.49 
6148, 26.042969, 10.30, -1.11, 0.68, 5.11, -6.15, -0.71 , 1.27, -0.11, -0.45 
6154, 25.427734, 9.95, 1.11, -1.24, 7.37, -10.11, -2.96 , 1.26, -0.16, -0.63 
6161, 24.812500, 9.17, 1.26, 0.21, 6.76, -9.48, -2.64 , 1.26, -0.17, -0.67 
6168, 24.197266, 9.52, 0.75, 0.23, 7.02, -8.75, -2.03 , 1.26, -0.15, -0.58 
6174, 23.582031, 9.25, 0.19, 0.09, 5.84, -5.91, -2.50 , 1.26, -0.22, -0.85 
6181, 22.878906, 11.25, 1.27, -0.60, 4.44, -12.12, 1.38 , 1.26, -0.20, -0.80 
6187, 22.263672, 9.43, -0.40, -0.12, 6.51, -7.32, -3.11 , 1.26, -0.14, -0.54 
6194, 22.000000, 9.39, -0.21, -1.40, 6.81, -5.12, 0.21 , 1.27, -0.11, -0.45 
6200, 20.769531, 10.29, 2.48, 0.52, 7.70, -9.33, -0.42 , 1.27, -0.07, -0.26 
6207, 20.154297, 8.77, 0.51, -0.79, 8.77, -9.49, -2.40 , 1.27, -0.02, -0.08 
6213, 19.539062, 9.11, 0.74, -0.34, 9.23, -10.49, -0.72 , 1.27, -0.13, -0.49 
6220, 19.011719, 8.76, -0.16, -0.75, 9.26, -11.77, -2.21 , 1.26, -0.18, -0.72 
6226, 18.484375, 8.73, -1.72, -1.16, 7.94, -8.27, -1.10 , 1.26, -0.14, -0.54 
6233, 17.957031, 8.86, 0.13, -1.11, 7.94, -5.06, -1.66 , 1.27, -0.03, -0.12 
6239, 17.341797, 9.37, 2.98, -0.55, 8.90, -4.78, -0.82 , 1.27, -0.09, -0.36 
6246, 16.814453, 9.94, 1.85, 0.32, 7.49, -6.42, -2.03 , 1.26, -0.15, -0.58 
6252, 16.375000, 9.27, -1.48, -0.54, 7.95, -5.21, -1.64 , 1.26, -0.14, -0.54 
6259, 15.847656, 9.37, -0.93, -0.49, 8.89, -5.91, -1.14 , 1.27, -0.07, -0.26 
6276, 14.353516, 9.75, 2.67, 0.55, 8.97, -3.93, -5.17 , 1.27, -0.02, -0.08 
6282, 13.738281, 10.69, 2.12, 1.64, 10.24, -8.60, -6.28 , 1.27, -0.07, -0.26 
6289, 13.210938, 11.42, 0.37, 1.01, 9.70, -10.15, -6.67 , 1.27, -0.11, -0.45 
6295, 12.683594, 11.77, -0.37, 0.46, 11.85, -16.22, -3.60 , 1.27, -0.07, -0.26 
6302, 12.068359, 12.95, 1.61, 0.80, 13.68, -19.61, -4.43 , 1.28, 0.04, 0.16 
6308, 11.628906, 14.35, 2.55, 0.51, 14.79, -17.08, -0.11 , 1.28, 0.10, 0.40 
6315, 11.189453, 14.81, 3.56, -0.03, 14.49, -16.50, 2.17 , 1.28, 0.11, 0.45 
6322, 10.837891, 13.89, 1.93, -1.37, 13.88, -11.49, 0.71 , 1.28, 0.15, 0.60 
6328, 10.662109, 13.18, 1.05, -2.90, 12.59, -6.49, -1.07 , 1.27, -0.02, -0.08 
6335, 10.574219, 11.74, 1.55, -2.55, 11.15, -1.05, -4.50 , 1.28, 0.07, 0.26 
6341, 10.486328, 10.79, 1.60, -1.44, 10.10, 3.36, -4.66 , 1.28, 0.11, 0.45 
6348, 10.398438, 9.88, 1.93, -0.43, 9.62, 3.44, -1.01 , 1.28, 0.10, 0.40 
6354, 10.310547, 9.21, 0.72, 0.75, 9.01, 0.07, 0.33 , 1.28, 0.04, 0.16 
6361, 10.310547, 8.91, -1.41, 1.09, 8.41, -0.72, 0.33 , 1.28, 0.03, 0.11 
6367, 10.310547, 8.98, -2.65, 0.93, 7.92, -1.40, 0.28 , 1.27, 0.00, 0.02 
6374, 10.222656, 8.86, -2.39, 0.38, 7.45, -2.34, 0.38 , 1.27, -0.02, -0.08 
6380, 10.134766, 8.65, -2.28, -0.04, 7.11, -1.66, 0.07 , 1.27, -0.07, -0.26 
6387, 10.046875, 8.48, -2.16, -0.15, 7.04, -0.63, -0.40 , 1.27, -0.07, -0.26 
6393, 9.871094, 8.51, -1.90, 0.04, 6.98, -0.42, -1.37 , 1.27, -0.03, -0.12 
6400, 9.695312, 8.58, -1.38, -0.33, 7.18, -1.05, -1.93 , 1.27, -0.02, -0.08 
6407, 9.431641, 8.50, -0.58, -0.46, 7.71, -1.82, -2.45 , 1.27, -0.02, -0.08 
6413, 9.167969, 8.79, -1.39, -0.65, 7.37, -2.63, -2.71 , 1.27, -0.02, -0.08 
6420, 8.992188, 8.67, -1.76, -0.81, 7.87, -2.83, -2.92 , 1.27, -0.07, -0.26 
6426, 8.728516, 9.02, -0.36, -1.02, 8.02, -3.50, -2.59 , 1.27, -0.02, -0.08 
6433, 8.552734, 8.88, -0.53, -0.88, 8.22, -3.53, -2.72 , 1.27, -0.02, -0.08 
6439, 8.289062, 9.36, -0.40, -1.34, 8.62, -3.20, -2.59 , 1.27, -0.02, -0.08 
6446, 8.025391, 9.78, 0.00, -1.17, 8.98, -2.75, -2.48 , 1.27, -0.02, -0.08 
6452, 7.849609, 10.04, 0.16, -1.37, 9.02, -3.66, -2.47 , 1.27, 0.00, 0.02 
6459, 7.585938, 10.32, 0.36, -2.00, 8.98, -3.16, -2.24 , 1.27, -0.03, -0.12 
6465, 7.322266, 10.22, 0.31, -1.67, 9.49, -3.89, -2.53 , 1.27, -0.04, -0.17 
6472, 7.146484, 10.40, -1.00, -1.82, 9.69, -3.01, -2.17 , 1.27, -0.02, -0.08 
6478, 6.970703, 10.34, 0.10, -1.46, 9.61, -1.99, -1.61 , 1.27, -0.10, -0.40 
6485, 6.707031, 10.40, 0.33, -1.38, 9.74, -0.73, -1.48 , 1.27, -0.10, -0.40 
6492, 6.443359, 10.10, -0.53, -1.17, 9.35, -0.12, -1.47 , 1.27, -0.09, -0.36 
6498, 6.179688, 10.11, 0.60, -1.16, 9.61, 0.32, -0.98 , 1.27, -0.02, -0.08 
6505, 5.828125, 10.24, 0.27, -1.03, 9.25, 0.53, -0.70 , 1.27, -0.02, -0.08 
6511, 5.564453, 9.84, -0.09, -1.36, 9.26, -0.15, -0.81 , 1.27, -0.02, -0.08 
6518, 5.300781, 9.64, -1.23, -0.54, 9.14, -3.27, -1.47 , 1.27, -0.07, -0.26 
6524, 4.949219, 9.73, -2.66, -0.27, 9.42, -2.27, -1.67 , 1.27, -0.04, -0.17 
6531, 4.685547, 9.64, -2.27, 0.27, 9.50, -1.12, -1.91 , 1.27, -0.01, -0.03 
6537, 4.421875, 10.17, -1.08, -0.23, 9.77, -0.39, -1.58 , 1.28, 0.04, 0.16 
6544, 4.158203, 10.32, -1.20, -0.56, 9.89, -1.71, -1.80 , 1.28, 0.04, 0.16 
6550, 3.894531, 10.51, -1.31, -0.96, 10.05, -1.46, -2.11 , 1.28, 0.04, 0.16 
6557, 3.718750, 10.75, -1.56, -0.88, 10.15, -1.38, -2.17 , 1.28, 0.04, 0.16 
6563, 3.630859, 10.65, -0.58, -1.20, 10.20, -0.85, -2.34 , 1.28, 0.04, 0.16 
6570, 3.455078, 10.69, 0.06, -1.49, 9.92, -0.86, -2.25 , 1.28, 0.03, 0.11 
6576, 3.455078, 10.51, -0.09, -1.81, 9.85, -1.00, -2.53 , 1.28, 0.04, 0.16 
6583, 3.367188, 10.32, 0.26, -2.05, 9.59, -0.55, -2.57 , 1.28, 0.04, 0.16 
6590, 3.279297, 10.15, 0.80, -1.96, 9.52, -0.61, -2.50 , 1.28, 0.03, 0.11 
6596, 3.279297, 10.08, 0.51, -2.08, 9.25, -0.60, -2.48 , 1.27, 0.02, 0.06 
6603, 3.279297, 9.96, 0.26, -1.97, 9.33, -0.28, -2.48 , 1.27, 0.00, 0.02 
6609, 3.279297, 9.97, 0.40, -1.93, 9.23, 0.91, -2.30 , 1.28, 0.04, 0.16 
6616, 3.279297, 9.89, 0.70, -1.98, 9.27, 0.73, -2.37 , 1.28, 0.04, 0.16 
6622, 3.279297, 9.87, 0.20, -1.73, 9.25, -0.03, -2.54 , 1.27, 0.02, 0.06 
6629, 3.279297, 9.90, -0.24, -1.71, 9.28, 0.23, -2.26 , 1.27, 0.02, 0.06 
6635, 3.279297, 9.98, -0.35, -1.51, 9.22, -0.12, -2.23 , 1.28, 0.04, 0.16 
6642, 3.279297, 9.98, -0.45, -1.31, 9.20, -0.69, -2.21 , 1.28, 0.04, 0.16 
6648, 3.279297, 9.96, -0.44, -1.17, 9.30, -1.22, -2.13 , 1.28, 0.04, 0.16 
6655, 3.279297, 10.08, -0.81, -1.02, 9.39, -1.64, -2.00 , 1.28, 0.04, 0.16 
6661, 3.279297, 10.19, -0.96, -1.01, 9.50, -1.83, -1.94 , 1.28, 0.04, 0.16 
6668, 3.279297, 10.27, -1.05, -0.82, 9.37, -2.28, -1.95 , 1.28, 0.03, 0.11 
6674, 3.279297, 10.31, -1.15, -0.89, 9.56, -2.54, -1.93 , 1.27, 0.02, 0.06 
6681, 3.279297, 10.32, -1.36, -0.77, 9.45, -2.62, -1.84 , 1.28, 0.03, 0.11 
6687, 3.279297, 10.24, -1.45, -0.77, 9.38, -2.59, -1.87 , 1.28, 0.04, 0.16 
6694, 3.279297, 10.10, -1.41, -0.74, 9.26, -2.61, -2.02 , 1.28, 0.03, 0.11 
6700, 3.279297, 10.00, -1.58, -0.79, 9.22, -2.60, -2.01 , 1.28, 0.03, 0.11 
6707, 3.279297, 10.01, -1.66, -0.85, 9.11, -2.52, -2.08 , 1.27, 0.02, 0.06 
6714, 3.279297, 9.88, -1.72, -0.95, 9.10, -2.37, -2.03 , 1.28, 0.04, 0.16 
6720, 3.279297, 9.85, -1.76, -0.92, 8.96, -2.22, -2.15 , 1.28, 0.04, 0.16 
6727, 3.279297, 9.76, -1.58, -0.85, 9.01, -2.14, -2.28 , 1.28, 0.04, 0.16 
6733, 3.279297, 9.79, -1.62, -0.97, 8.99, -1.96, -2.22 , 1.28, 0.03, 0.11 
6740, 3.279297, 9.78, -1.65, -1.06, 9.01, -1.70, -2.15 , 1.27, -0.02, -0.08 
6746, 3.279297, 9.77, -1.64, -1.02, 8.99, -1.63, -2.09 , 1.28, 0.04, 0.16 
6753, 3.279297, 9.82, -1.55, -1.04, 9.02, -1.24, -2.08 , 1.28, 0.04, 0.16 
6759, 3.279297, 9.94, -1.05, -1.11, 9.20, -1.87, -2.15 , 1.28, 0.04, 0.16 
6766, 3.279297, 9.97, -1.26, -1.28, 9.19, -1.47, -2.06 , 1.28, 0.04, 0.16 
6772, 3.279297, 10.11, -1.20, -1.33, 9.30, -1.67, -1.96 , 1.28, 0.04, 0.16 
6779, 3.279297, 10.03, -1.26, -1.20, 9.28, -1.64, -1.86 , 1.28, 0.05, 0.21 
6785, 3.279297, 10.00, -1.19, -1.17, 9.25, -1.68, -1.80 , 1.28, 0.04, 0.16 
6792, 3.279297, 10.01, -1.02, -1.14, 9.24, -1.75, -1.87 , 1.28, 0.04, 0.16 
6798, 3.279297, 10.04, -1.03, -1.04, 9.26, -1.71, -1.80 , 1.28, 0.04, 0.16 
6805, 3.279297, 10.00, -0.93, -0.96, 9.21, -1.67, -1.88 , 1.28, 0.04, 0.16 
6811, 3.279297, 10.02, -0.87, -0.91, 9.32, -1.76, -1.75 , 1.28, 0.04, 0.16 
6818, 3.279297, 10.05, -0.83, -0.93, 9.25, -1.77, -1.89 , 1.28, 0.04, 0.16 
6824, 3.279297, 10.08, -0.83, -0.96, 9.35, -1.76, -1.99 , 1.28, 0.04, 0.16 
6831, 3.279297, 10.09, -0.93, -0.93, 9.31, -1.76, -2.04 , 1.28, 0.04, 0.16 
6837, 3.279297, 10.08, -1.04, -1.00, 9.27, -1.73, -2.03 , 1.28, 0.04, 0.16 
6844, 3.279297, 10.11, -0.99, -0.96, 9.30, -1.71, -2.02 , 1.28, 0.04, 0.16 
6851, 3.279297, 10.05, -1.14, -0.91, 9.25, -1.73, -2.06 , 1.28, 0.04, 0.16 
6857, 3.279297, 10.01, -1.13, -0.86, 9.27, -1.71, -2.01 , 1.28, 0.04, 0.16 
6864, 3.279297, 9.90, -1.15, -0.88, 9.09, -1.79, -2.05 , 1.28, 0.04, 0.16 
6870, 3.279297, 9.92, -1.23, -0.92, 9.13, -1.70, -2.02 , 1.28, 0.04, 0.16 
6877, 3.279297, 9.96, -1.17, -0.93, 9.08, -1.72, -1.95 , 1.28, 0.05, 0.21 
6883, 3.279297, 9.93, -1.21, -0.96, 9.12, -1.74, -1.98 , 1.28, 0.04, 0.16 
6890, 3.279297, 9.97, -1.24, -0.95, 9.15, -1.75, -2.03 , 1.28, 0.04, 0.16 
6896, 3.279297, 9.94, -1.21, -1.04, 9.17, -1.82, -1.92 , 1.28, 0.04, 0.16 
6903, 3.279297, 9.96, -1.24, -1.02, 9.18, -1.78, -1.95 , 1.28, 0.04, 0.16 
6909, 3.279297, 9.94, -1.25, -1.09, 9.23, -1.82, -1.88 , 1.28, 0.04, 0.16 
6916, 3.279297, 10.01, -1.40, -1.10, 9.27, -1.81, -1.97 , 1.28, 0.05, 0.21 
6922, 3.279297, 10.07, -1.35, -1.15, 9.24, -1.82, -2.01 , 1.28, 0.07, 0.26 
6929, 3.279297, 10.07, -1.33, -1.15, 9.29, -1.84, -2.13 , 1.28, 0.04, 0.16 
6935, 3.279297, 10.06, -1.38, -1.14, 9.23, -1.85, -2.08 , 1.28, 0.04, 0.16 
6942, 3.279297, 10.09, -1.49, -1.11, 9.21, -1.74, -2.09 , 1.28, 0.04, 0.16 
6948, 3.279297, 9.92, -1.31, -1.00, 9.15, -1.89, -2.18 , 1.28, 0.04, 0.16 
6955, 3.279297, 9.97, -1.36, -1.00, 9.15, -1.92, -2.11 , 1.28, 0.04, 0.16 
6961, 3.279297, 9.96, -1.38, -0.99, 9.13, -1.88, -2.10 , 1.28, 0.04, 0.16 
6968, 3.279297, 9.97, -1.35, -1.02, 9.12, -1.88, -2.09 , 1.28, 0.04, 0.16 
6974, 3.279297, 9.98, -1.30, -0.97, 9.16, -1.81, -2.05 , 1.28, 0.04, 0.16 
6981, 3.279297, 9.90, -1.30, -1.03, 9.09, -1.83, -2.08 , 1.27, -0.06, -0.22 
6987, 3.279297, 9.92, -1.35, -1.01, 9.20, -1.85, -1.95 , 1.28, 0.04, 0.16 
6994, 3.279297, 10.13, -1.34, -0.97, 9.26, -1.25, -1.81 , 1.28, 0.05, 0.21 
7000, 3.279297, 10.15, -1.20, -0.79, 9.11, -2.23, -1.77 , 1.28, 0.07, 0.26 
7007, 3.279297, 9.88, -1.34, -1.12, 9.24, -2.17, -1.99 , 1.28, 0.07, 0.26 
7014, 3.279297, 10.02, -1.26, -1.01, 9.14, -2.15, -1.89 , 1.28, 0.04, 0.16 
7020, 3.279297, 10.03, -1.31, -0.97, 9.27, -2.09, -1.96 , 1.28, 0.04, 0.16 
7027, 3.279297, 10.04, -1.44, -0.97, 9.18, -2.14, -1.90 , 1.27, 0.00, 0.02 
7033, 3.279297, 10.01, -1.35, -0.91, 9.24, -1.97, -2.04 , 1.28, 0.04, 0.16 
7040, 3.279297, 10.11, -1.49, -1.00, 9.11, -2.20, -1.79 , 1.28, 0.07, 0.26 
7046, 3.279297, 9.97, -1.24, -0.83, 9.22, -2.01, -2.19 , 1.28, 0.05, 0.21 
7053, 3.279297, 10.01, -1.23, -0.86, 9.24, -2.05, -1.97 , 1.28, 0.04, 0.16 
7059, 3.279297, 9.97, -1.36, -0.98, 9.26, -1.77, -2.01 , 1.28, 0.04, 0.16 


