667, 1.785156, 10.11, -1.43, -0.61, 9.49, -0.91, -1.73 , 1.28, 0.04, 0.16 
673, 1.785156, 10.17, -1.25, -0.47, 9.50, -1.19, -1.80 , 1.28, 0.05, 0.21 
680, 1.785156, 10.11, -1.28, -0.48, 9.41, -1.27, -1.68 , 1.28, 0.05, 0.21 
686, 1.785156, 10.10, -1.32, -0.61, 9.31, -1.31, -1.73 , 1.28, 0.04, 0.16 
693, 1.785156, 10.01, -1.26, -0.64, 9.30, -1.34, -1.80 , 1.28, 0.04, 0.16 
699, 1.785156, 9.92, -1.37, -0.68, 9.26, -1.45, -1.74 , 1.28, 0.04, 0.16 
706, 1.785156, 9.92, -1.38, -0.71, 9.27, -1.59, -1.78 , 1.28, 0.03, 0.11 
712, 1.785156, 9.85, -1.47, -0.84, 9.22, -1.58, -1.87 , 1.28, 0.04, 0.16 
719, 1.785156, 10.00, -1.42, -0.79, 9.18, -1.54, -1.79 , 1.28, 0.04, 0.16 
725, 1.785156, 9.92, -1.41, -0.80, 9.26, -1.61, -1.81 , 1.28, 0.04, 0.16 
732, 1.785156, 9.94, -1.35, -0.83, 9.32, -1.70, -1.86 , 1.28, 0.04, 0.16 
738, 1.785156, 10.00, -1.40, -0.79, 9.26, -1.67, -1.83 , 1.28, 0.05, 0.21 
745, 1.785156, 9.96, -1.34, -0.81, 9.30, -1.65, -1.84 , 1.28, 0.04, 0.16 
751, 1.785156, 9.98, -1.35, -0.73, 9.32, -1.63, -1.86 , 1.28, 0.04, 0.16 
758, 1.785156, 9.97, -1.25, -0.79, 9.27, -1.55, -1.82 , 1.28, 0.04, 0.16 
764, 1.785156, 9.91, -1.30, -0.68, 9.27, -1.56, -1.76 , 1.28, 0.04, 0.16 
771, 1.785156, 9.90, -1.28, -0.66, 9.20, -1.52, -1.77 , 1.28, 0.04, 0.16 
778, 1.785156, 9.84, -1.24, -0.65, 9.15, -1.50, -1.75 , 1.28, 0.04, 0.16 
784, 1.785156, 9.84, -1.28, -0.58, 9.16, -1.48, -1.77 , 1.28, 0.04, 0.16 
791, 1.785156, 9.85, -1.24, -0.66, 9.18, -1.43, -1.85 , 1.28, 0.05, 0.21 
797, 1.785156, 9.89, -1.22, -0.57, 9.15, -1.43, -1.77 , 1.28, 0.04, 0.16 
804, 1.785156, 9.83, -1.26, -0.59, 9.19, -1.48, -1.79 , 1.28, 0.04, 0.16 
810, 1.785156, 9.83, -1.20, -0.65, 9.16, -1.52, -1.89 , 1.28, 0.04, 0.16 
817, 1.785156, 9.85, -1.17, -0.67, 9.17, -1.59, -1.84 , 1.28, 0.04, 0.16 
823, 1.785156, 9.85, -1.17, -0.65, 9.14, -1.62, -1.89 , 1.28, 0.04, 0.16 
830, 1.785156, 9.87, -1.14, -0.61, 9.19, -1.62, -1.87 , 1.28, 0.04, 0.16 
836, 1.785156, 9.89, -1.18, -0.74, 9.23, -1.62, -1.92 , 1.28, 0.04, 0.16 
843, 1.785156, 9.95, -1.18, -0.83, 9.24, -1.52, -1.99 , 1.28, 0.04, 0.16 
849, 1.785156, 9.98, -1.14, -0.80, 9.36, -1.53, -1.92 , 1.27, 0.02, 0.06 
856, 1.785156, 9.97, -1.20, -0.73, 9.36, -1.51, -1.83 , 1.28, 0.05, 0.21 
862, 1.785156, 10.04, -1.13, -0.82, 9.45, -1.34, -1.89 , 1.28, 0.04, 0.16 
869, 1.785156, 10.02, -1.09, -0.69, 9.33, -1.47, -1.92 , 1.28, 0.05, 0.21 
875, 1.785156, 10.01, -1.17, -0.74, 9.35, -1.43, -1.95 , 1.28, 0.04, 0.16 
882, 1.785156, 9.93, -1.13, -0.69, 9.23, -1.37, -1.92 , 1.28, 0.04, 0.16 
889, 1.785156, 9.86, -1.15, -0.66, 9.18, -1.33, -1.98 , 1.28, 0.04, 0.16 
895, 1.785156, 9.93, -1.15, -0.66, 9.23, -1.36, -1.90 , 1.28, 0.04, 0.16 
902, 1.785156, 9.86, -1.11, -0.80, 9.13, -1.34, -1.90 , 1.28, 0.05, 0.21 
908, 1.785156, 9.88, -1.03, -0.62, 9.24, -1.34, -1.87 , 1.28, 0.04, 0.16 
915, 1.785156, 9.94, -0.99, -0.64, 9.27, -1.39, -1.92 , 1.28, 0.04, 0.16 
921, 1.785156, 9.99, -0.96, -0.66, 9.26, -1.33, -1.87 , 1.28, 0.04, 0.16 
928, 1.785156, 9.90, -1.04, -0.60, 9.28, -1.39, -1.93 , 1.28, 0.04, 0.16 
934, 1.785156, 10.02, -0.90, -0.64, 9.24, -1.42, -1.86 , 1.28, 0.04, 0.16 
941, 1.785156, 10.04, -0.92, -0.58, 9.28, -1.48, -1.84 , 1.28, 0.05, 0.21 
947, 1.785156, 10.03, -0.92, -0.66, 9.32, -1.43, -1.83 , 1.28, 0.04, 0.16 
954, 1.785156, 10.02, -0.98, -0.72, 9.32, -1.42, -1.93 , 1.28, 0.04, 0.16 
960, 1.785156, 9.99, -1.05, -0.63, 9.29, -1.42, -1.80 , 1.28, 0.04, 0.16 
967, 1.785156, 10.02, -1.04, -0.74, 9.35, -1.41, -1.89 , 1.28, 0.05, 0.21 
973, 1.785156, 10.04, -1.02, -0.77, 9.39, -1.39, -1.92 , 1.28, 0.04, 0.16 
980, 1.785156, 10.09, -1.08, -0.70, 9.33, -1.41, -1.87 , 1.28, 0.04, 0.16 
986, 1.785156, 9.98, -1.05, -0.69, 9.37, -1.40, -1.93 , 1.28, 0.04, 0.16 
993, 1.785156, 9.95, -1.04, -0.61, 9.34, -1.39, -1.86 , 1.28, 0.04, 0.16 
999, 1.785156, 9.94, -1.01, -0.72, 9.24, -1.39, -1.92 , 1.28, 0.05, 0.21 
1006, 1.785156, 9.90, -1.03, -0.78, 9.21, -1.44, -2.00 , 1.28, 0.04, 0.16 
1012, 1.785156, 9.93, -0.92, -0.78, 9.14, -1.50, -2.06 , 1.28, 0.04, 0.16 
1019, 1.785156, 9.82, -1.06, -0.71, 9.18, -1.48, -1.97 , 1.28, 0.04, 0.16 
1025, 1.785156, 9.84, -1.00, -0.80, 9.13, -1.54, -2.15 , 1.28, 0.04, 0.16 
1032, 1.785156, 9.82, -1.02, -0.78, 9.11, -1.54, -2.05 , 1.28, 0.04, 0.16 
1038, 1.785156, 9.86, -1.05, -0.79, 9.15, -1.64, -2.06 , 1.28, 0.04, 0.16 
1045, 1.785156, 9.85, -0.96, -0.74, 9.20, -1.46, -2.11 , 1.28, 0.04, 0.16 
1051, 1.785156, 9.87, -0.86, -0.80, 9.16, -1.32, -2.04 , 1.28, 0.07, 0.26 
1058, 1.785156, 9.80, -0.93, -0.68, 9.19, -1.34, -1.95 , 1.28, 0.05, 0.21 
1064, 1.785156, 9.86, -0.89, -0.72, 9.23, -1.39, -1.89 , 1.28, 0.05, 0.21 
1071, 1.785156, 9.96, -0.98, -0.81, 9.24, -1.37, -2.01 , 1.28, 0.04, 0.16 
1078, 1.785156, 10.00, -0.94, -0.79, 9.22, -1.36, -2.06 , 1.28, 0.04, 0.16 
1084, 1.785156, 9.99, -1.00, -0.86, 9.32, -1.37, -2.04 , 1.28, 0.07, 0.26 
1091, 1.785156, 9.98, -0.99, -0.89, 9.27, -1.33, -1.93 , 1.28, 0.04, 0.16 
1097, 1.785156, 10.01, -0.93, -0.76, 9.27, -1.32, -2.08 , 1.28, 0.04, 0.16 
1104, 1.785156, 10.01, -1.02, -0.89, 9.22, -1.26, -2.09 , 1.28, 0.04, 0.16 
1110, 1.785156, 10.01, -1.13, -0.90, 9.11, -1.83, -2.16 , 1.28, 0.05, 0.21 
1117, 1.785156, 9.95, -1.93, -0.97, 9.20, -2.08, -2.37 , 1.28, 0.04, 0.16 
1123, 1.785156, 10.17, -1.16, -0.99, 9.24, -1.30, -2.11 , 1.28, 0.08, 0.30 
1130, 1.785156, 9.88, -0.71, -0.73, 9.25, -0.47, -1.99 , 1.28, 0.08, 0.30 
1136, 1.785156, 9.92, -0.53, -0.76, 9.27, -0.52, -2.09 , 1.28, 0.07, 0.26 
1143, 1.785156, 9.99, -0.66, -0.79, 9.24, -0.59, -1.98 , 1.28, 0.07, 0.26 
1149, 1.785156, 9.85, -0.73, -0.83, 9.09, -0.69, -2.06 , 1.28, 0.13, 0.50 
1156, 1.785156, 9.83, -1.01, -0.79, 9.01, -1.01, -1.95 , 1.28, 0.10, 0.40 
1162, 1.873047, 9.88, -1.26, -0.78, 8.83, -2.53, -2.04 , 1.28, 0.10, 0.40 
1169, 1.873047, 9.51, -1.56, -0.75, 8.84, -2.11, -2.15 , 1.28, 0.11, 0.45 
1175, 1.873047, 9.46, -1.08, -0.87, 8.89, -1.46, -1.99 , 1.28, 0.10, 0.40 
1182, 1.960938, 9.61, -0.90, -0.80, 8.91, -1.60, -2.03 , 1.28, 0.10, 0.40 
1188, 1.960938, 9.66, -0.89, -0.83, 9.04, -1.61, -2.02 , 1.28, 0.11, 0.45 
1195, 2.048828, 9.74, -0.85, -0.93, 9.10, -1.94, -1.92 , 1.28, 0.13, 0.50 
1202, 2.136719, 9.83, -1.00, -1.09, 9.16, -2.70, -1.81 , 1.28, 0.13, 0.50 
1208, 2.136719, 9.93, -1.20, -1.23, 9.21, -2.88, -1.94 , 1.28, 0.15, 0.60 
1215, 2.312500, 9.87, -1.32, -1.25, 9.25, -2.61, -1.97 , 1.28, 0.07, 0.26 
1221, 2.488281, 9.99, -1.33, -1.30, 9.22, -3.01, -1.90 , 1.28, 0.15, 0.60 
1228, 2.664062, 9.65, -1.65, -1.27, 9.11, -1.09, -2.02 , 1.28, 0.14, 0.55 
1234, 2.751953, 9.72, -0.58, -1.23, 9.04, -2.70, -1.89 , 1.28, 0.09, 0.35 
1241, 2.927734, 9.84, -1.36, -1.31, 8.87, -2.56, -2.20 , 1.28, 0.11, 0.45 
1247, 3.103516, 9.51, -1.44, -1.31, 8.96, -1.66, -2.45 , 1.28, 0.11, 0.45 
1254, 3.279297, 9.91, -0.93, -1.15, 8.80, -1.49, -2.24 , 1.28, 0.04, 0.16 
1260, 3.367188, 9.66, -0.83, -1.22, 8.71, -1.41, -2.47 , 1.28, 0.08, 0.30 
1267, 3.542969, 9.50, -1.57, -1.27, 8.94, -0.17, -2.77 , 1.28, 0.09, 0.35 
1273, 3.630859, 10.00, -0.97, -1.04, 8.77, -0.73, -3.13 , 1.28, 0.09, 0.35 
1280, 3.718750, 9.77, -1.01, -1.33, 8.70, -1.37, -3.21 , 1.28, 0.07, 0.26 
1286, 3.806641, 9.75, -1.32, -1.43, 8.81, -1.81, -3.19 , 1.28, 0.10, 0.40 
1293, 3.894531, 9.84, -1.37, -1.29, 8.97, -1.40, -3.23 , 1.28, 0.07, 0.26 
1299, 3.894531, 10.01, -0.83, -1.27, 9.09, -1.94, -3.57 , 1.28, 0.08, 0.30 
1306, 3.982422, 10.27, -1.77, -1.59, 9.16, -1.10, -3.72 , 1.29, 0.23, 0.90 
1312, 3.982422, 10.23, -0.72, -1.70, 9.39, -2.00, -3.53 , 1.28, 0.03, 0.11 
1319, 3.982422, 10.74, -0.85, -2.00, 9.51, -4.84, -3.05 , 1.28, 0.04, 0.16 
1325, 4.158203, 9.77, -2.32, -2.27, 9.51, -1.57, -3.33 , 1.28, 0.05, 0.21 
1332, 4.246094, 10.63, 0.75, -1.88, 9.25, -2.93, -3.10 , 1.28, 0.04, 0.16 
1339, 4.246094, 10.28, 0.96, -2.21, 9.22, -1.11, -2.87 , 1.28, 0.07, 0.26 
1345, 4.246094, 10.38, 0.89, -1.87, 9.31, -1.86, -3.19 , 1.28, 0.07, 0.26 
1352, 4.246094, 10.37, 0.50, -1.80, 9.28, -3.49, -2.94 , 1.28, 0.04, 0.16 
1358, 4.246094, 10.21, 0.34, -1.62, 9.22, -3.52, -2.65 , 1.28, 0.05, 0.21 
1365, 4.246094, 10.15, 0.72, -1.39, 9.08, -3.50, -2.54 , 1.28, 0.04, 0.16 
1371, 4.246094, 10.03, 0.59, -1.24, 9.01, -3.68, -2.37 , 1.28, 0.05, 0.21 
1378, 4.246094, 9.95, 0.05, -1.11, 9.05, -2.96, -2.43 , 1.28, 0.08, 0.30 
1384, 4.246094, 9.93, -0.48, -0.96, 9.05, -2.30, -2.50 , 1.28, 0.07, 0.26 
1391, 4.246094, 10.02, -1.07, -1.14, 9.12, -1.90, -2.69 , 1.28, 0.05, 0.21 
1397, 4.246094, 10.07, -1.51, -1.18, 9.25, -1.82, -3.15 , 1.28, 0.07, 0.26 
1404, 4.246094, 10.19, -1.62, -1.23, 9.32, -2.53, -3.25 , 1.28, 0.04, 0.16 
1410, 4.246094, 10.34, -1.47, -1.37, 9.29, -2.93, -3.31 , 1.28, 0.04, 0.16 
1417, 4.246094, 10.41, -1.52, -1.72, 9.35, -2.80, -3.43 , 1.28, 0.05, 0.21 
1423, 4.158203, 10.36, -1.48, -2.01, 9.32, -3.02, -3.53 , 1.28, 0.05, 0.21 
1430, 4.246094, 10.30, -1.37, -2.26, 9.22, -2.91, -3.52 , 1.28, 0.08, 0.30 
1436, 4.246094, 10.25, -1.42, -2.39, 9.07, -2.80, -3.52 , 1.28, 0.08, 0.30 
1443, 4.246094, 10.05, -1.01, -2.38, 9.02, -2.67, -3.24 , 1.28, 0.08, 0.30 
1449, 4.246094, 9.89, -0.87, -2.30, 8.82, -2.21, -3.09 , 1.28, 0.07, 0.26 
1456, 4.246094, 9.80, -0.65, -2.09, 8.80, -2.09, -2.94 , 1.29, 0.23, 0.90 
1462, 4.246094, 9.66, -0.40, -2.06, 8.78, -1.77, -2.73 , 1.27, 0.00, 0.02 
1469, 4.246094, 10.03, 0.08, -1.69, 8.88, -5.41, -2.78 , 1.27, 0.02, 0.06 
1475, 4.333984, 9.44, -1.65, -0.98, 8.85, 1.76, -3.40 , 1.28, 0.04, 0.16 
1482, 4.333984, 9.54, 1.61, -1.40, 8.94, -1.02, -3.24 , 1.28, 0.04, 0.16 
1489, 4.333984, 9.91, 0.14, -1.56, 9.11, -1.18, -3.33 , 1.28, 0.04, 0.16 
1495, 4.333984, 9.91, 0.22, -1.45, 9.14, -1.07, -3.39 , 1.28, 0.05, 0.21 
1502, 4.333984, 9.73, 0.59, -1.70, 9.17, -2.10, -3.31 , 1.28, 0.04, 0.16 
1508, 4.333984, 9.90, 0.55, -1.78, 9.17, -2.74, -3.40 , 1.28, 0.04, 0.16 
1515, 4.333984, 9.98, 0.54, -1.78, 9.30, -2.95, -3.16 , 1.28, 0.04, 0.16 
1521, 4.333984, 10.14, 0.43, -1.79, 9.40, -2.51, -2.67 , 1.28, 0.08, 0.30 
1528, 4.333984, 10.15, 0.29, -1.81, 9.41, -2.43, -2.50 , 1.28, 0.07, 0.26 
1534, 4.333984, 10.19, 0.04, -1.69, 9.37, -2.96, -2.19 , 1.28, 0.08, 0.30 
1541, 4.333984, 10.24, -0.27, -1.51, 9.38, -3.15, -1.75 , 1.28, 0.10, 0.40 
1547, 4.333984, 10.27, -0.50, -1.40, 9.39, -3.45, -1.73 , 1.28, 0.11, 0.45 
1554, 4.421875, 10.24, -0.56, -1.23, 9.35, -3.51, -1.29 , 1.28, 0.09, 0.35 
1560, 4.421875, 10.26, -0.87, -1.12, 9.35, -3.26, -0.92 , 1.28, 0.08, 0.30 
1567, 4.421875, 9.98, -1.16, -0.99, 9.28, -3.17, -1.13 , 1.28, 0.11, 0.45 
1573, 4.421875, 10.00, -0.81, -0.86, 9.04, -3.37, -1.15 , 1.28, 0.08, 0.30 
1580, 4.421875, 9.75, -1.02, -0.79, 8.86, -4.26, -1.60 , 1.28, 0.07, 0.26 
1586, 4.421875, 9.60, -1.47, -0.86, 8.95, -3.09, -2.03 , 1.28, 0.08, 0.30 
1593, 4.421875, 9.69, -1.00, -0.96, 8.87, -3.32, -2.29 , 1.28, 0.10, 0.40 
1599, 4.421875, 9.61, -1.04, -1.30, 8.79, -3.59, -2.27 , 1.28, 0.08, 0.30 
1606, 4.421875, 9.55, -1.07, -1.36, 8.81, -3.42, -2.69 , 1.28, 0.10, 0.40 
1612, 4.421875, 9.59, -1.08, -1.67, 8.83, -2.62, -2.82 , 1.28, 0.09, 0.35 
1619, 4.421875, 9.60, -1.05, -1.82, 8.70, -3.06, -3.11 , 1.28, 0.05, 0.21 
1626, 4.421875, 9.58, -1.00, -2.14, 8.74, -2.72, -3.19 , 1.28, 0.09, 0.35 
1632, 4.421875, 9.61, -1.02, -2.35, 8.80, -2.53, -3.32 , 1.28, 0.08, 0.30 
1639, 4.421875, 9.65, -0.59, -2.54, 8.83, -3.44, -3.32 , 1.28, 0.10, 0.40 
1645, 4.421875, 9.56, -0.31, -2.58, 8.89, -2.52, -3.22 , 1.28, 0.09, 0.35 
1652, 4.421875, 9.61, -0.25, -2.68, 8.87, -2.74, -3.09 , 1.28, 0.05, 0.21 
1658, 4.421875, 9.56, -0.04, -2.59, 8.81, -2.14, -3.07 , 1.28, 0.10, 0.40 
1665, 4.421875, 9.41, -0.07, -2.44, 8.69, -1.65, -3.17 , 1.28, 0.08, 0.30 
1671, 4.421875, 9.26, 0.06, -2.40, 8.54, -2.52, -3.26 , 1.28, 0.09, 0.35 
1678, 4.421875, 9.12, 0.09, -2.44, 8.49, -1.52, -3.31 , 1.28, 0.08, 0.30 
1684, 4.421875, 9.06, -0.15, -2.20, 8.34, -2.12, -3.45 , 1.28, 0.10, 0.40 
1691, 4.421875, 8.92, -0.17, -2.23, 8.25, -1.94, -3.35 , 1.28, 0.07, 0.26 
1697, 4.421875, 8.85, -0.25, -2.06, 8.20, -2.78, -3.06 , 1.28, 0.07, 0.26 
1704, 4.421875, 8.89, -0.46, -2.07, 8.23, -2.52, -3.02 , 1.28, 0.11, 0.45 
1710, 4.421875, 8.97, -0.84, -1.90, 8.30, -3.57, -3.07 , 1.28, 0.10, 0.40 
1717, 4.421875, 9.09, -1.17, -1.79, 8.47, -4.61, -3.08 , 1.28, 0.09, 0.35 
1723, 4.421875, 9.14, -2.27, -1.61, 8.67, -4.61, -2.82 , 1.28, 0.10, 0.40 
1730, 4.421875, 9.31, -2.40, -1.60, 8.71, -4.02, -2.60 , 1.28, 0.15, 0.60 
1736, 4.509766, 9.41, -2.59, -1.65, 8.75, -3.56, -2.54 , 1.28, 0.17, 0.65 
1743, 4.597656, 9.50, -2.51, -1.81, 8.71, -4.42, -2.49 , 1.28, 0.13, 0.50 
1749, 4.685547, 9.33, -3.21, -1.86, 8.69, -4.52, -2.48 , 1.28, 0.10, 0.40 
1756, 4.773438, 9.18, -3.25, -1.87, 8.57, -3.61, -2.58 , 1.28, 0.07, 0.26 
1762, 4.861328, 9.14, -2.09, -2.01, 8.40, -2.60, -2.68 , 1.28, 0.11, 0.45 
1769, 4.949219, 9.15, -1.84, -1.96, 8.56, -2.13, -2.87 , 1.28, 0.10, 0.40 
1775, 5.037109, 9.49, -1.12, -2.03, 8.49, -3.34, -2.77 , 1.28, 0.15, 0.60 
1782, 5.212891, 9.43, -1.47, -2.22, 8.91, -3.31, -3.33 , 1.28, 0.13, 0.50 
1789, 5.300781, 9.82, -0.75, -2.34, 8.91, -4.34, -3.17 , 1.28, 0.10, 0.40 
1795, 5.388672, 9.48, -1.30, -2.29, 9.17, -4.08, -3.97 , 1.28, 0.07, 0.26 
1802, 5.476562, 9.75, -0.84, -2.05, 9.28, -3.37, -3.83 , 1.28, 0.10, 0.40 
1808, 5.652344, 9.88, -0.59, -2.32, 9.46, -2.60, -3.80 , 1.28, 0.08, 0.30 
1815, 5.740234, 10.28, 0.10, -2.21, 9.80, -3.49, -3.36 , 1.28, 0.10, 0.40 
1821, 5.828125, 10.53, -0.38, -2.21, 10.44, -2.94, -3.37 , 1.28, 0.13, 0.50 
1828, 5.916016, 11.22, 0.04, -2.26, 10.90, -3.71, -2.78 , 1.28, 0.10, 0.40 
1834, 6.091797, 11.86, -0.30, -2.47, 11.73, -4.76, -2.86 , 1.28, 0.13, 0.50 
1841, 6.179688, 12.44, -0.43, -2.73, 12.29, -3.77, -2.88 , 1.28, 0.11, 0.45 
1847, 6.355469, 13.20, -0.04, -2.75, 12.83, -4.00, -2.56 , 1.28, 0.09, 0.35 
1854, 6.443359, 13.56, 0.01, -2.64, 13.13, -3.07, -2.31 , 1.28, 0.13, 0.50 
1860, 6.619141, 13.95, 0.10, -2.59, 13.35, -2.74, -1.88 , 1.28, 0.15, 0.60 
1867, 6.707031, 13.92, -0.02, -2.29, 13.27, -3.17, -1.11 , 1.28, 0.10, 0.40 
1873, 6.882812, 13.47, -0.74, -1.85, 12.78, -3.42, -0.70 , 1.28, 0.11, 0.45 
1880, 7.058594, 13.04, -1.53, -1.39, 12.69, -3.91, -0.28 , 1.28, 0.13, 0.50 
1887, 7.146484, 12.61, -1.76, -0.69, 12.31, -3.10, 0.20 , 1.28, 0.04, 0.16 
1893, 7.322266, 12.23, -2.56, -0.48, 11.86, -2.77, 0.09 , 1.29, 0.18, 0.70 
1900, 7.498047, 12.06, -2.99, -0.47, 11.77, -2.59, -0.36 , 1.29, 0.28, 1.11 
1906, 7.673828, 12.32, -3.26, -0.96, 11.48, -4.45, -0.32 , 1.29, 0.22, 0.85 
1913, 7.937500, 12.12, -3.69, -1.28, 11.21, -7.13, -0.53 , 1.29, 0.19, 0.75 
1919, 8.201172, 11.40, -5.09, -1.71, 10.44, -4.68, -1.68 , 1.28, 0.17, 0.65 
1926, 8.464844, 11.68, -3.77, -2.03, 10.08, -4.33, -1.36 , 1.29, 0.20, 0.80 
1932, 8.728516, 11.04, -3.91, -2.41, 9.86, -3.07, -2.50 , 1.29, 0.18, 0.70 
1939, 8.992188, 11.29, -3.47, -2.75, 9.26, -4.06, -1.56 , 1.29, 0.20, 0.80 
1945, 9.255859, 10.82, -4.09, -2.92, 9.29, -2.80, -2.27 , 1.28, 0.17, 0.65 
1952, 9.607422, 11.09, -3.65, -3.08, 8.71, -3.34, -2.26 , 1.29, 0.18, 0.70 
1958, 9.783203, 10.46, -4.04, -3.40, 9.95, -3.63, -3.41 , 1.28, 0.10, 0.40 
1965, 10.134766, 10.91, -4.00, -3.25, 9.86, -3.32, -3.03 , 1.28, 0.14, 0.55 
1971, 10.398438, 10.46, -4.05, -2.94, 10.40, -3.59, -3.16 , 1.28, 0.17, 0.65 
1978, 10.750000, 10.91, -3.98, -2.38, 10.70, -4.08, -2.41 , 1.28, 0.13, 0.50 
1985, 11.101562, 10.54, -4.33, -1.92, 10.99, -4.11, -2.53 , 1.28, 0.09, 0.35 
1991, 11.541016, 10.64, -4.02, -1.35, 11.21, -4.83, -2.83 , 1.29, 0.22, 0.85 
1998, 12.068359, 10.71, -4.27, -0.65, 11.84, -4.89, -3.48 , 1.29, 0.24, 0.95 
2004, 12.595703, 10.64, -3.32, -0.02, 11.71, -3.68, -4.40 , 1.29, 0.24, 0.95 
2011, 13.210938, 10.42, -3.05, 0.57, 11.32, -2.38, -4.71 , 1.29, 0.24, 0.95 
2017, 13.826172, 10.25, -2.77, 0.77, 11.79, -2.75, -4.69 , 1.29, 0.31, 1.21 
2024, 14.617188, 10.92, -3.09, 1.16, 11.23, -3.44, -3.66 , 1.29, 0.31, 1.21 
2031, 15.408203, 10.28, -1.69, 0.84, 10.84, -3.52, -3.11 , 1.29, 0.32, 1.26 
2037, 16.199219, 10.34, -0.68, 0.71, 11.62, -3.92, -3.65 , 1.29, 0.31, 1.21 
2044, 16.990234, 10.21, -0.73, 0.64, 11.35, -7.20, -4.42 , 1.30, 0.33, 1.31 
2050, 17.869141, 10.67, -0.69, 0.74, 12.19, -7.16, -5.28 , 1.30, 0.36, 1.42 
2057, 18.748047, 10.36, -0.20, 0.83, 10.24, -11.93, -7.10 , 1.30, 0.36, 1.42 
2063, 19.714844, 9.44, -2.46, 0.93, 10.66, -11.59, -6.04 , 1.30, 0.33, 1.31 
2070, 20.681641, 10.49, -2.59, 1.15, 10.70, -15.29, -4.22 , 1.30, 0.39, 1.53 
2076, 21.648438, 10.21, -1.53, 0.99, 10.43, -10.85, -3.79 , 1.30, 0.43, 1.69 
2083, 21.912109, 9.18, -2.50, 0.85, 12.21, -9.27, -5.08 , 1.30, 0.44, 1.74 
2089, 23.933594, 9.60, -1.19, 0.27, 10.27, -9.27, -3.87 , 1.30, 0.42, 1.63 
2096, 25.076172, 11.05, -1.81, 0.44, 9.14, -4.96, -3.81 , 1.30, 0.43, 1.69 
2103, 26.218750, 10.69, -2.16, -0.33, 10.02, -5.61, -3.86 , 1.30, 0.36, 1.42 
2109, 27.537109, 11.43, -4.50, 0.81, 9.14, -2.55, -3.22 , 1.30, 0.43, 1.69 
2116, 28.679688, 13.28, -2.01, -0.14, 9.76, -2.67, -3.12 , 1.30, 0.46, 1.80 
2122, 29.646484, 14.37, -1.66, -1.33, 5.51, 1.37, -1.81 , 1.30, 0.46, 1.80 
2129, 30.701172, 12.09, -0.49, -0.74, 6.24, -1.97, -1.86 , 1.30, 0.47, 1.85 
2135, 31.492188, 12.42, -0.49, -0.86, 5.44, -4.55, -1.10 , 1.30, 0.48, 1.90 
2142, 32.458984, 12.41, -1.01, -1.73, 3.43, -5.74, 1.16 , 1.30, 0.43, 1.69 
2148, 33.337891, 11.23, -3.01, -2.03, 2.81, -5.49, -0.35 , 1.30, 0.42, 1.63 
2155, 34.216797, 12.13, -3.53, -1.89, 0.25, -5.89, 0.18 , 1.30, 0.46, 1.80 
2161, 35.007812, 10.67, -3.37, -1.89, 0.68, -7.42, -1.34 , 1.30, 0.42, 1.63 
2168, 35.798828, 10.34, -1.80, -2.44, 1.54, -8.36, -0.02 , 1.30, 0.33, 1.31 
2185, 37.908203, 9.83, -2.06, -2.89, 0.31, -4.57, 0.81 , 1.29, 0.24, 0.95 
2191, 38.699219, 10.17, -2.77, -2.23, -0.47, -3.66, 1.54 , 1.29, 0.24, 0.95 
2198, 39.314453, 9.64, -0.75, -2.85, -0.36, -0.06, 0.95 , 1.29, 0.24, 0.95 
2204, 39.929688, 9.35, -2.19, -2.18, -0.21, 1.06, 1.42 , 1.29, 0.24, 0.95 
2211, 40.369141, 9.99, 0.15, -2.46, -0.01, 1.27, 1.74 , 1.29, 0.20, 0.80 
2217, 40.808594, 9.84, -0.36, -2.49, 0.01, 2.13, 1.10 , 1.29, 0.20, 0.80 
2224, 41.160156, 9.59, 1.03, -2.16, 0.94, 0.01, 2.59 , 1.29, 0.23, 0.90 
2230, 41.423828, 9.82, -0.42, -2.51, 0.66, 1.59, 1.57 , 1.29, 0.20, 0.80 
2237, 41.599609, 10.04, 0.00, -1.64, 1.58, -2.41, 1.06 , 1.29, 0.22, 0.85 
2243, 41.775391, 9.18, -0.69, -2.09, 0.87, -0.37, 1.71 , 1.29, 0.23, 0.90 
2250, 41.775391, 9.39, 1.76, -2.13, 1.32, -2.18, 1.45 , 1.29, 0.18, 0.70 
2256, 41.775391, 8.25, -0.15, -2.15, 1.70, -6.76, 0.98 , 1.28, 0.17, 0.65 
2263, 41.775391, 7.75, -1.78, -2.38, 2.11, -5.63, 0.71 , 1.28, 0.13, 0.50 
2270, 41.863281, 8.28, -1.41, -2.02, 1.57, -3.94, 0.38 , 1.28, 0.10, 0.40 
2276, 41.863281, 7.75, -0.22, -1.47, 1.96, -2.26, 1.60 , 1.28, 0.07, 0.26 
2283, 41.775391, 8.02, 0.90, -1.46, 2.39, -2.78, 0.34 , 1.28, 0.05, 0.21 
2289, 41.775391, 8.27, 0.72, -1.40, 2.28, -1.14, 0.88 , 1.27, -0.06, -0.22 
2296, 41.775391, 7.56, 0.31, -1.33, 2.14, -3.55, -0.00 , 1.27, -0.11, -0.45 
2302, 41.775391, 7.01, -0.35, -1.05, 2.46, -5.94, -1.13 , 1.27, -0.09, -0.36 
2309, 41.687500, 6.81, -0.56, -0.80, 3.32, -3.45, 0.24 , 1.26, -0.18, -0.72 
2315, 41.423828, 7.13, 1.63, -0.90, 3.37, -2.96, -0.18 , 1.26, -0.25, -0.98 
2322, 41.160156, 7.18, 1.52, -0.91, 3.08, -2.02, -0.87 , 1.26, -0.25, -0.98 
2328, 40.808594, 7.42, 1.83, -1.15, 2.26, 1.42, -0.96 , 1.26, -0.23, -0.89 
2335, 40.281250, 7.66, 4.33, -0.26, 3.71, -0.58, -1.40 , 1.26, -0.25, -0.98 
2341, 39.666016, 7.76, 4.55, -0.84, 4.24, -1.73, -2.73 , 1.26, -0.22, -0.85 
2348, 39.050781, 7.54, 2.05, -1.11, 3.82, -3.32, -2.16 , 1.26, -0.22, -0.85 
2354, 38.347656, 8.14, 3.13, -1.24, 6.15, -4.49, -2.76 , 1.26, -0.25, -0.98 
2361, 37.556641, 6.56, 4.09, -1.65, 6.71, -4.97, -4.47 , 1.24, -0.50, -1.97 
2367, 36.677734, 7.38, 0.67, -1.03, 4.14, -3.59, -3.69 , 1.25, -0.28, -1.11 
2374, 35.798828, 7.04, 3.41, 0.95, 6.27, -5.53, -4.37 , 1.26, -0.23, -0.89 
2380, 34.744141, 7.22, 6.25, 0.15, 9.69, -2.20, -5.25 , 1.25, -0.28, -1.11 
2387, 33.777344, 6.79, 1.34, 0.32, 6.85, -4.98, -5.71 , 1.24, -0.50, -1.97 
2393, 32.810547, 7.75, -0.37, -4.10, 11.16, -9.22, -7.09 , 1.24, -0.50, -1.97 
2400, 31.931641, 6.06, -0.96, -1.40, 9.43, -6.99, -6.56 , 1.24, -0.52, -2.05 
2406, 30.964844, 6.66, 1.34, -0.51, 11.80, -9.22, -7.92 , 1.24, -0.50, -1.97 
2413, 29.998047, 6.25, 1.53, -1.25, 11.08, -5.52, -4.92 , 1.23, -0.58, -2.29 
2420, 29.031250, 7.81, 0.03, -0.81, 10.41, -6.40, -5.63 , 1.23, -0.64, -2.51 
2426, 28.152344, 7.67, -1.90, 0.83, 9.12, -0.91, -5.81 , 1.22, -0.65, -2.55 
2433, 27.185547, 7.91, -0.33, 1.43, 10.57, -0.31, -5.30 , 1.23, -0.64, -2.51 
2439, 26.130859, 8.57, 1.88, 0.02, 11.19, -1.41, -4.52 , 1.23, -0.60, -2.36 
2446, 25.164062, 7.05, 0.44, 0.79, 12.92, -4.46, -4.81 , 1.23, -0.60, -2.36 
2452, 24.109375, 8.18, 2.92, 0.94, 13.61, -5.57, -5.24 , 1.23, -0.60, -2.36 
2459, 22.966797, 8.53, 4.65, 0.77, 13.38, -5.73, -4.54 , 1.23, -0.60, -2.36 
2465, 22.000000, 7.77, 2.35, 0.74, 13.39, -6.77, -4.69 , 1.23, -0.58, -2.29 
2472, 20.857422, 7.28, 4.68, -0.40, 14.70, -4.83, -3.52 , 1.23, -0.53, -2.09 
2478, 19.714844, 8.43, 3.27, 1.38, 10.97, -6.16, -3.70 , 1.24, -0.52, -2.05 
2485, 18.748047, 6.52, 2.63, 2.46, 17.88, -6.36, -5.02 , 1.23, -0.55, -2.17 
2491, 17.781250, 8.34, 0.71, 2.14, 13.74, -11.48, -4.26 , 1.23, -0.54, -2.13 
2498, 16.814453, 8.44, 1.21, 1.27, 13.85, -7.60, -4.89 , 1.23, -0.56, -2.21 
2505, 15.847656, 8.67, 3.39, 1.73, 12.96, -4.87, -2.76 , 1.23, -0.56, -2.21 
2511, 14.880859, 7.88, 4.96, 0.40, 12.40, -4.07, -3.35 , 1.23, -0.54, -2.13 
2518, 13.914062, 9.00, 6.62, 0.76, 12.39, -4.53, -3.71 , 1.24, -0.50, -1.97 
2524, 12.859375, 8.32, 7.18, 0.58, 15.15, -4.98, -5.91 , 1.24, -0.50, -1.97 
2531, 11.892578, 10.25, 7.54, 2.04, 13.46, -6.73, -1.13 , 1.25, -0.27, -1.07 
2547, 9.255859, 9.32, 10.46, 4.83, 7.69, -4.38, -0.91 , 1.27, -0.07, -0.26 
2554, 8.201172, 6.28, 7.95, 2.32, 8.37, -6.05, -4.97 , 1.27, -0.11, -0.45 
2560, 7.322266, 7.32, 6.49, 0.42, 13.03, -10.56, -4.16 , 1.27, -0.13, -0.49 
2567, 6.443359, 7.08, 3.98, 1.64, 9.58, -6.95, -3.36 , 1.26, -0.16, -0.63 
2574, 5.564453, 6.79, 6.70, 4.15, 7.92, -7.61, -1.95 , 1.27, -0.13, -0.49 
2580, 4.861328, 7.50, 7.70, 2.29, 9.31, -8.00, -2.06 , 1.27, -0.13, -0.49 
2587, 4.158203, 7.96, 5.17, 1.08, 9.07, -7.10, -1.88 , 1.27, -0.07, -0.26 
2593, 3.542969, 7.02, 8.90, 0.46, 9.38, -6.07, -2.38 , 1.27, -0.04, -0.17 
2600, 2.927734, 7.56, 11.48, 1.17, 10.07, -4.49, -1.20 , 1.27, 0.02, 0.06 
2606, 2.400391, 8.87, 7.54, 1.15, 9.86, -3.93, -0.42 , 1.28, 0.04, 0.16 
2613, 1.960938, 9.08, 7.52, -2.68, 11.50, -3.80, 0.08 , 1.28, 0.05, 0.21 
2619, 1.609375, 11.70, 6.51, -1.46, 11.72, -5.54, -0.16 , 1.28, 0.17, 0.65 
2626, 1.345703, 11.54, 7.65, -0.87, 10.84, -6.80, -0.81 , 1.28, 0.17, 0.65 
2632, 1.257812, 11.57, 6.63, -1.05, 11.73, -2.16, -0.33 , 1.29, 0.23, 0.90 
2639, 1.257812, 11.95, 8.22, -1.36, 12.22, 0.68, -1.61 , 1.28, 0.15, 0.60 
2645, 1.257812, 11.66, 8.13, -0.87, 11.89, 2.39, -1.45 , 1.28, 0.10, 0.40 
2652, 1.257812, 11.73, 8.39, -0.78, 12.58, 8.70, -3.14 , 1.28, 0.10, 0.40 
2659, 1.345703, 12.76, 8.26, -0.43, 13.63, 19.61, -2.78 , 1.28, 0.11, 0.45 
2665, 1.345703, 13.61, 7.81, -0.45, 13.69, 19.61, -2.20 , 1.28, 0.11, 0.45 
2672, 1.345703, 14.75, 4.50, 0.16, 14.53, 15.81, -2.28 , 1.28, 0.08, 0.30 
2678, 1.345703, 14.59, 4.05, 0.74, 14.75, 8.13, 1.02 , 1.28, 0.08, 0.30 
2685, 1.345703, 13.85, 6.61, 0.90, 14.83, 2.28, 2.77 , 1.28, 0.10, 0.40 
2691, 1.345703, 13.19, 8.70, 0.10, 13.35, -4.88, 2.42 , 1.28, 0.10, 0.40 
2698, 1.433594, 13.46, 7.30, -0.87, 13.41, -12.42, 2.53 , 1.28, 0.13, 0.50 
2704, 1.433594, 13.23, 6.39, -1.56, 13.44, -11.74, 2.61 , 1.28, 0.13, 0.50 
2711, 1.609375, 13.04, 6.57, -1.68, 13.45, -7.18, 3.32 , 1.28, 0.17, 0.65 
2717, 1.873047, 12.39, 6.29, -1.98, 13.35, -1.63, 3.17 , 1.28, 0.15, 0.60 
2724, 2.136719, 12.04, 5.04, -1.18, 12.67, 1.21, 2.24 , 1.28, 0.15, 0.60 
2730, 2.400391, 11.35, 3.18, -0.31, 12.46, 2.66, 0.70 , 1.28, 0.13, 0.50 
2737, 2.839844, 10.75, 1.94, 1.05, 11.73, 3.26, -1.14 , 1.29, 0.18, 0.70 
2743, 3.103516, 10.03, 0.55, 1.47, 10.93, 3.38, -3.15 , 1.29, 0.18, 0.70 
2750, 3.455078, 9.29, 0.15, 1.19, 9.77, 0.64, -5.55 , 1.29, 0.18, 0.70 
2757, 3.806641, 8.76, -1.30, 0.95, 8.85, 0.65, -6.08 , 1.29, 0.22, 0.85 
2763, 4.158203, 7.98, -1.92, 0.31, 8.79, -1.82, -6.08 , 1.29, 0.19, 0.75 
2770, 4.597656, 7.61, -3.42, -0.37, 7.96, -4.12, -4.76 , 1.29, 0.18, 0.70 
2776, 5.037109, 6.92, -3.64, -1.30, 7.26, -4.84, -3.82 , 1.29, 0.18, 0.70 
2783, 5.476562, 6.90, -4.06, -1.87, 7.53, -6.14, -3.64 , 1.29, 0.18, 0.70 
2789, 5.916016, 7.03, -4.46, -2.70, 6.74, -6.19, -2.97 , 1.28, 0.17, 0.65 
2796, 6.443359, 7.06, -3.73, -2.93, 7.14, -4.87, -2.65 , 1.28, 0.11, 0.45 
2802, 6.882812, 8.66, -4.48, -2.52, 5.80, -5.42, -1.11 , 1.28, 0.07, 0.26 
2809, 7.322266, 8.32, -3.94, -2.29, 6.84, -0.62, -1.73 , 1.28, 0.15, 0.60 
2815, 7.673828, 9.17, -2.95, -2.26, 7.15, 0.19, -1.74 , 1.29, 0.19, 0.75 
2822, 7.937500, 10.34, -2.48, -2.15, 7.74, -1.64, -1.01 , 1.28, 0.17, 0.65 
2828, 8.113281, 10.58, -2.76, -1.79, 8.12, -0.08, -1.85 , 1.28, 0.13, 0.50 
2835, 8.113281, 10.75, -1.99, -1.33, 8.89, -5.73, -2.26 , 1.28, 0.09, 0.35 
2841, 8.201172, 10.77, -4.17, -0.98, 9.77, -7.64, -3.20 , 1.28, 0.04, 0.16 
2848, 8.376953, 10.58, -4.58, -1.23, 9.61, -5.52, -3.18 , 1.27, 0.00, 0.02 
2854, 8.464844, 10.66, -0.99, -0.97, 9.75, -4.24, -3.45 , 1.27, 0.00, 0.02 
2861, 8.552734, 10.51, -0.13, -0.89, 9.57, -2.46, -3.11 , 1.27, 0.02, 0.06 
2867, 8.552734, 10.32, 0.29, -1.02, 9.86, -3.50, -3.02 , 1.27, 0.00, 0.02 
2874, 8.552734, 10.26, 0.03, -1.10, 9.80, -1.46, -2.74 , 1.27, -0.01, -0.03 
2881, 8.552734, 10.05, 0.99, -1.43, 9.67, -0.28, -2.59 , 1.27, 0.02, 0.06 
2887, 8.552734, 9.85, 1.33, -1.60, 9.62, 0.30, -2.50 , 1.27, -0.02, -0.08 
2894, 8.552734, 9.79, 1.37, -1.85, 9.40, 0.53, -2.25 , 1.27, -0.03, -0.12 
2900, 8.464844, 9.49, 0.97, -1.98, 9.42, -0.22, -2.32 , 1.27, 0.00, 0.02 
2907, 8.464844, 9.43, 0.56, -2.02, 9.45, 0.22, -2.01 , 1.28, 0.03, 0.11 
2913, 8.464844, 9.37, 1.52, -2.30, 9.51, 0.10, -1.74 , 1.27, -0.02, -0.08 
2920, 8.464844, 9.21, 1.86, -2.10, 9.22, 0.03, -2.06 , 1.27, -0.03, -0.12 
2926, 8.464844, 9.11, 1.20, -2.09, 9.11, 1.51, -2.29 , 1.27, -0.02, -0.08 
2933, 8.376953, 9.06, 2.49, -1.71, 9.16, 1.40, -2.38 , 1.27, -0.04, -0.17 
2939, 8.201172, 9.02, 2.95, -1.86, 9.04, 1.13, -2.51 , 1.27, 0.00, 0.02 
2946, 8.113281, 8.96, 2.90, -1.81, 8.87, 1.70, -2.94 , 1.27, 0.00, 0.02 
2952, 8.025391, 9.08, 3.36, -1.81, 8.87, 0.97, -3.22 , 1.27, 0.00, 0.02 
2959, 7.849609, 8.91, 2.91, -2.05, 8.93, -0.07, -3.51 , 1.27, -0.02, -0.08 
2965, 7.761719, 8.77, 2.23, -1.90, 8.94, -1.31, -3.64 , 1.27, -0.03, -0.12 
2972, 7.585938, 8.70, 1.90, -1.92, 8.80, -1.16, -3.39 , 1.27, 0.00, 0.02 
2978, 7.498047, 8.65, 2.17, -2.02, 8.64, -0.40, -3.11 , 1.27, -0.03, -0.12 
2985, 7.410156, 8.75, 2.83, -2.27, 8.55, -0.63, -2.60 , 1.28, 0.04, 0.16 
2991, 7.234375, 8.56, 2.21, -2.14, 8.51, -0.79, -2.37 , 1.28, 0.04, 0.16 
2998, 7.146484, 8.77, 1.87, -2.25, 8.77, -3.47, -2.04 , 1.27, 0.00, 0.02 
3004, 7.146484, 8.64, 0.51, -2.19, 8.88, -4.29, -2.37 , 1.27, -0.02, -0.08 
3011, 7.058594, 8.91, 0.30, -2.21, 9.06, -2.75, -2.26 , 1.27, -0.02, -0.08 
3018, 7.058594, 8.98, 0.86, -1.78, 9.22, -1.25, -1.92 , 1.27, -0.03, -0.12 
3024, 7.058594, 9.21, 1.25, -1.64, 9.22, -0.73, -2.84 , 1.27, -0.03, -0.12 
3031, 7.058594, 9.21, 1.04, -1.38, 9.12, 0.02, -2.53 , 1.27, -0.02, -0.08 
3037, 6.970703, 9.33, 0.75, -1.20, 8.97, -0.75, -2.39 , 1.27, 0.00, 0.02 
3044, 6.970703, 9.29, 0.60, -1.22, 9.05, -1.94, -2.02 , 1.27, -0.02, -0.08 
3050, 6.882812, 9.37, 0.44, -1.42, 9.21, -2.60, -1.94 , 1.27, -0.02, -0.08 
3057, 6.882812, 9.41, -0.24, -1.45, 9.19, -2.60, -2.09 , 1.27, -0.04, -0.17 
3063, 6.794922, 9.51, -0.14, -1.58, 9.24, -2.61, -2.07 , 1.27, -0.03, -0.12 
3070, 6.707031, 9.60, -0.05, -1.41, 9.31, -2.32, -2.20 , 1.27, -0.03, -0.12 
3076, 6.619141, 9.82, 0.26, -1.31, 9.45, -1.70, -2.21 , 1.27, 0.00, 0.02 
3083, 6.531250, 9.81, -0.33, -1.27, 9.10, -2.48, -2.54 , 1.27, -0.02, -0.08 
3089, 6.443359, 9.69, -1.34, -1.30, 9.29, -5.15, -3.04 , 1.27, -0.03, -0.12 
3096, 6.443359, 9.43, -2.43, -1.03, 9.28, -5.47, -2.83 , 1.27, -0.02, -0.08 
3102, 6.443359, 9.46, -2.48, -0.87, 9.22, -3.95, -2.83 , 1.27, -0.02, -0.08 
3109, 6.443359, 9.40, -1.83, -1.04, 9.04, -2.54, -2.80 , 1.27, -0.06, -0.22 
3115, 6.443359, 9.42, -1.45, -1.25, 8.92, -2.58, -2.91 , 1.27, -0.04, -0.17 
3122, 6.443359, 9.14, -2.09, -0.96, 9.03, -2.22, -2.66 , 1.27, -0.01, -0.03 
3129, 6.443359, 9.33, -1.98, -1.32, 8.78, -2.59, -2.77 , 1.27, -0.02, -0.08 
3135, 6.443359, 9.24, -2.30, -1.53, 8.68, -3.27, -3.17 , 1.27, -0.02, -0.08 
3142, 6.443359, 9.20, -2.35, -1.49, 8.50, -3.14, -3.04 , 1.27, -0.03, -0.12 
3148, 6.355469, 8.98, -2.25, -1.29, 8.21, -2.83, -2.54 , 1.27, -0.03, -0.12 
3155, 6.443359, 9.77, -1.02, -2.34, 9.17, -2.39, -2.63 , 1.27, -0.04, -0.17 
3161, 6.443359, 8.79, -2.70, -1.25, 8.37, -3.55, -3.54 , 1.27, -0.08, -0.31 
3168, 6.355469, 9.52, -1.30, -2.10, 8.87, -3.29, -3.34 , 1.27, -0.07, -0.26 
3174, 6.355469, 9.17, -1.04, -1.54, 8.95, -3.49, -3.43 , 1.27, -0.03, -0.12 
3181, 6.355469, 9.46, -0.77, -1.80, 8.92, -2.43, -3.25 , 1.27, -0.03, -0.12 
3187, 6.267578, 9.38, -0.68, -1.66, 8.95, -3.24, -3.51 , 1.27, -0.08, -0.31 
3194, 6.267578, 9.23, -1.56, -1.69, 8.90, -3.50, -3.26 , 1.27, -0.02, -0.08 
3200, 6.267578, 9.08, -1.38, -1.61, 8.79, -1.87, -2.64 , 1.27, -0.01, -0.03 
3207, 6.267578, 9.23, -0.21, -1.74, 9.03, -3.11, -2.27 , 1.27, 0.00, 0.02 
3213, 6.267578, 9.15, -0.90, -1.76, 9.02, -2.45, -2.34 , 1.27, -0.03, -0.12 
3220, 6.267578, 9.32, -0.68, -1.80, 9.17, -2.25, -2.30 , 1.27, -0.02, -0.08 
3226, 6.267578, 9.40, -0.49, -1.69, 9.26, -2.14, -2.58 , 1.27, -0.03, -0.12 
3233, 6.267578, 9.42, -0.25, -1.71, 9.37, -2.59, -2.55 , 1.27, -0.02, -0.08 
3239, 6.267578, 9.57, 0.04, -1.74, 9.57, -2.88, -2.18 , 1.27, -0.02, -0.08 
3246, 6.267578, 9.74, 0.14, -1.98, 9.77, -3.21, -2.10 , 1.27, -0.02, -0.08 
3252, 6.267578, 10.13, 0.25, -2.24, 10.08, -3.68, -2.21 , 1.27, -0.01, -0.03 
3259, 6.267578, 10.39, -0.07, -2.22, 10.52, -4.29, -2.22 , 1.27, 0.00, 0.02 
3266, 6.267578, 10.58, 0.46, -2.22, 10.93, -3.55, -2.26 , 1.27, 0.00, 0.02 
3272, 6.267578, 10.92, 0.94, -2.42, 11.21, -3.42, -2.03 , 1.27, -0.01, -0.03 
3279, 6.267578, 11.24, 1.10, -2.45, 11.55, -2.70, -2.20 , 1.28, 0.03, 0.11 
3285, 6.267578, 11.51, 0.96, -2.56, 11.88, -1.62, -2.23 , 1.28, 0.04, 0.16 
3292, 6.267578, 11.68, 0.90, -2.49, 11.97, -1.17, -2.90 , 1.28, 0.04, 0.16 
3298, 6.267578, 11.81, 1.19, -2.74, 12.16, -1.59, -3.03 , 1.28, 0.04, 0.16 
3305, 6.267578, 11.96, 1.05, -2.74, 12.43, -1.91, -3.30 , 1.28, 0.05, 0.21 
3311, 6.267578, 12.24, 1.27, -3.30, 12.80, -2.19, -3.12 , 1.28, 0.07, 0.26 
3318, 6.355469, 12.39, 1.59, -3.55, 13.39, -2.54, -3.17 , 1.28, 0.08, 0.30 
3324, 6.355469, 12.93, 1.67, -3.75, 13.77, -2.09, -3.18 , 1.28, 0.15, 0.60 
3331, 6.443359, 13.48, 1.82, -4.03, 14.59, -1.77, -2.88 , 1.28, 0.13, 0.50 
3337, 6.531250, 13.74, 2.10, -3.43, 14.92, -2.21, -2.79 , 1.28, 0.15, 0.60 
3344, 6.707031, 14.27, 1.38, -3.50, 16.08, -1.59, -1.84 , 1.28, 0.14, 0.55 
3350, 6.970703, 14.81, 1.43, -3.30, 16.63, -1.54, -1.51 , 1.29, 0.19, 0.75 
3357, 7.234375, 14.73, 1.23, -2.49, 17.21, -0.80, -0.43 , 1.29, 0.19, 0.75 
3364, 7.585938, 15.18, 0.92, -1.89, 18.34, 0.33, 0.95 , 1.28, 0.17, 0.65 
3370, 8.025391, 15.75, 0.62, -0.52, 18.90, 0.17, 2.49 , 1.29, 0.20, 0.80 
3377, 8.464844, 15.64, -0.03, -0.23, 19.61, 1.36, 2.20 , 1.29, 0.24, 0.95 
3383, 8.992188, 16.22, -0.46, 0.63, 19.61, 1.87, 1.55 , 1.29, 0.26, 1.00 
3390, 9.607422, 15.26, -1.09, 1.13, 18.78, 5.48, -2.10 , 1.29, 0.31, 1.21 
3396, 10.310547, 14.33, -0.96, 1.86, 17.96, 3.96, -3.20 , 1.29, 0.28, 1.11 
3403, 11.101562, 12.57, -1.36, 2.18, 16.18, 4.98, -4.36 , 1.29, 0.31, 1.21 
3409, 12.068359, 10.58, -3.34, 2.00, 14.67, 4.36, -4.33 , 1.29, 0.32, 1.26 
3416, 13.035156, 9.32, -3.27, 1.59, 15.04, 0.29, -6.10 , 1.29, 0.31, 1.21 
3423, 14.089844, 8.87, -4.66, 1.37, 14.38, -2.01, -4.84 , 1.30, 0.35, 1.37 
3429, 15.144531, 8.48, -1.72, 0.66, 12.18, 1.90, -5.05 , 1.30, 0.42, 1.63 
3436, 16.199219, 8.21, -2.36, 0.38, 12.95, 0.28, -4.56 , 1.30, 0.46, 1.80 
3442, 17.429688, 9.00, -3.30, 0.77, 14.60, -8.83, -4.74 , 1.30, 0.46, 1.80 
3449, 18.748047, 9.72, -5.75, 1.28, 14.11, -8.45, -3.83 , 1.30, 0.50, 1.96 
3455, 19.978516, 9.31, -3.06, 0.41, 13.56, -6.21, -2.66 , 1.31, 0.66, 2.58 
3462, 21.208984, 10.67, -2.94, 0.38, 11.48, 5.49, -1.13 , 1.32, 0.76, 2.99 
3468, 21.912109, 12.69, 0.07, -0.50, 11.33, 0.20, -0.06 , 1.32, 0.79, 3.11 
3475, 23.582031, 14.05, -2.07, 1.07, 11.40, -2.64, -2.29 , 1.32, 0.85, 3.35 
3481, 24.636719, 16.34, -2.57, -0.47, 7.20, -9.08, -4.52 , 1.32, 0.76, 2.99 
3488, 25.779297, 15.15, -3.20, -1.02, 10.83, -14.53, -8.67 , 1.32, 0.75, 2.93 
3494, 26.921875, 19.39, -4.98, -0.73, 6.43, -11.11, -4.60 , 1.32, 0.78, 3.05 
3501, 27.800781, 15.60, -3.29, -0.19, 5.71, -6.27, -4.11 , 1.32, 0.76, 2.99 
3507, 28.679688, 16.93, -0.06, -1.67, 2.44, -1.03, -1.26 , 1.32, 0.82, 3.23 
3514, 29.646484, 17.85, -4.44, -2.78, 2.83, -9.03, 0.74 , 1.31, 0.67, 2.64 
3521, 30.613281, 14.21, -6.71, -4.77, 4.27, -4.56, -0.28 , 1.31, 0.60, 2.35 
3527, 31.404297, 12.77, -7.33, -3.58, 2.72, -6.19, 1.55 , 1.30, 0.46, 1.80 
3534, 32.283203, 11.40, -6.60, -3.38, 3.85, -5.04, 0.94 , 1.30, 0.44, 1.74 
3540, 33.162109, 9.30, -8.15, -3.29, 2.58, -4.50, 0.87 , 1.30, 0.37, 1.47 
3547, 33.953125, 9.55, -3.66, -3.46, 3.34, -2.34, 2.78 , 1.30, 0.33, 1.31 
3553, 34.656250, 8.78, -3.12, -1.66, 2.01, 0.42, 3.05 , 1.29, 0.28, 1.11 
3560, 35.271484, 8.66, -1.57, -0.77, 2.21, 0.72, 2.42 , 1.29, 0.24, 0.95 
3566, 35.886719, 9.42, -1.42, 0.30, 1.10, -0.88, 2.55 , 1.29, 0.24, 0.95 
3573, 36.414062, 7.30, -1.77, 0.27, 0.67, 0.56, 2.74 , 1.29, 0.24, 0.95 
3579, 36.765625, 8.64, 1.10, 0.31, 1.04, 0.34, 2.16 , 1.29, 0.19, 0.75 
3586, 37.029297, 9.45, 1.26, 0.55, 1.45, -0.71, 1.74 , 1.29, 0.20, 0.80 
3592, 37.205078, 8.28, 0.67, 0.21, -0.19, 0.66, 1.95 , 1.28, 0.09, 0.35 
3599, 37.292969, 8.93, 3.95, 0.38, 2.58, -3.55, 1.13 , 1.29, 0.18, 0.70 
3605, 37.468750, 8.42, 1.07, 0.03, 3.63, -7.86, 1.40 , 1.28, 0.13, 0.50 
3612, 37.468750, 7.94, 0.79, -0.71, 3.22, -9.05, 1.04 , 1.28, 0.11, 0.45 
3619, 37.468750, 8.03, 0.69, -0.69, 4.08, -6.92, 1.32 , 1.28, 0.08, 0.30 
3625, 37.468750, 8.34, 1.90, -0.34, 3.85, -5.70, 1.32 , 1.28, 0.07, 0.26 
3632, 37.468750, 8.09, 2.70, -0.34, 3.98, -4.10, 2.03 , 1.28, 0.07, 0.26 
3638, 37.380859, 8.26, 1.99, -0.03, 4.51, -4.75, 0.51 , 1.28, 0.04, 0.16 
3645, 37.380859, 8.06, 1.31, -0.56, 4.83, -4.27, 0.79 , 1.27, -0.03, -0.12 
3651, 37.205078, 8.82, 2.16, -0.45, 4.47, -4.01, 0.98 , 1.27, -0.11, -0.45 
3658, 37.029297, 8.44, 0.84, -0.73, 5.51, -4.22, 0.47 , 1.26, -0.18, -0.72 
3664, 36.853516, 8.68, 1.08, -0.76, 5.79, -5.09, 0.06 , 1.26, -0.19, -0.76 
3671, 36.589844, 8.93, 0.98, -1.11, 6.25, -3.30, 0.04 , 1.26, -0.24, -0.94 
3677, 36.238281, 9.15, 1.55, -0.90, 5.70, -2.03, 0.01 , 1.25, -0.27, -1.07 
3684, 35.710938, 9.28, 2.00, -1.02, 5.40, -1.54, -0.29 , 1.25, -0.27, -1.07 
3690, 35.095703, 9.95, 1.87, -0.40, 6.21, -2.05, -1.61 , 1.26, -0.14, -0.54 
3697, 34.480469, 10.01, 1.19, -0.62, 6.32, -2.41, -0.94 , 1.26, -0.20, -0.80 
3703, 33.689453, 9.45, 5.47, -1.64, 8.22, -7.20, -1.37 , 1.25, -0.30, -1.19 
3710, 32.986328, 8.38, -0.50, -1.56, 7.46, -6.79, -3.45 , 1.24, -0.50, -1.97 
3716, 32.283203, 7.81, 0.31, -1.62, 7.97, -9.18, -1.65 , 1.24, -0.50, -1.97 
3723, 31.492188, 7.64, -0.13, -2.39, 6.40, -5.99, -2.13 , 1.24, -0.50, -1.97 
3730, 30.613281, 7.75, -0.58, -2.09, 8.11, -6.25, -2.12 , 1.24, -0.50, -1.97 
3736, 29.822266, 7.56, -1.42, -1.99, 9.29, -7.56, -2.12 , 1.24, -0.50, -1.97 
3743, 28.943359, 6.67, 0.64, -1.26, 10.78, -9.54, -2.94 , 1.24, -0.50, -1.97 
3749, 28.152344, 7.41, 1.11, -0.91, 10.66, -7.05, -3.29 , 1.24, -0.50, -1.97 
3756, 27.273438, 7.25, -0.57, -0.99, 8.77, -2.88, -3.09 , 1.24, -0.50, -1.97 
3762, 26.306641, 7.17, 1.42, -2.03, 12.28, -6.98, -3.70 , 1.24, -0.50, -1.97 
3769, 25.427734, 6.44, -0.40, 0.74, 11.05, -6.00, -3.62 , 1.24, -0.50, -1.97 
3775, 24.548828, 7.84, 2.20, 0.72, 11.65, -5.48, -3.97 , 1.25, -0.27, -1.07 
3782, 23.494141, 7.45, 4.22, 0.16, 11.15, -4.53, -3.33 , 1.24, -0.50, -1.97 
3788, 22.527344, 6.44, 3.43, 0.24, 14.09, -8.18, -6.50 , 1.24, -0.50, -1.97 
3795, 22.000000, 7.45, -1.18, 1.53, 13.42, -3.91, -4.99 , 1.26, -0.26, -1.02 
3801, 20.593750, 6.98, 1.18, 0.30, 8.53, -2.77, -4.15 , 1.26, -0.17, -0.67 
3808, 19.539062, 6.97, 3.94, 0.45, 14.21, -13.52, -6.54 , 1.25, -0.30, -1.19 
3815, 18.835938, 8.93, 1.96, 0.67, 11.85, -6.10, -4.91 , 1.24, -0.50, -1.97 
3821, 18.044922, 7.58, 0.68, 2.43, 13.46, -10.44, -4.19 , 1.24, -0.50, -1.97 
3828, 17.078125, 8.19, 2.25, 1.82, 10.99, -4.90, -3.71 , 1.24, -0.50, -1.97 
3844, 14.792969, 8.65, 3.29, 2.43, 10.54, -3.56, -4.51 , 1.25, -0.29, -1.15 
3851, 13.826172, 7.76, 4.87, 1.73, 12.36, -4.82, -3.50 , 1.26, -0.26, -1.02 
3857, 12.771484, 8.58, 6.98, 4.08, 8.83, -5.94, -2.58 , 1.26, -0.25, -0.98 
3864, 11.980469, 6.52, 3.01, 3.42, 10.26, -9.61, -6.87 , 1.26, -0.22, -0.85 
3871, 11.101562, 7.72, 2.32, 1.39, 10.27, -8.63, -6.34 , 1.26, -0.16, -0.63 
3877, 10.134766, 8.32, 3.79, 1.13, 7.87, -6.44, -5.34 , 1.26, -0.14, -0.54 
3884, 9.255859, 6.52, 5.49, 1.43, 10.13, -7.52, -6.92 , 1.26, -0.16, -0.63 
3890, 8.376953, 5.92, 8.49, 1.90, 9.63, -8.80, -7.08 , 1.26, -0.15, -0.58 
3897, 7.585938, 6.98, 4.90, 2.26, 8.61, -10.29, -5.53 , 1.27, -0.08, -0.31 
3903, 6.707031, 6.64, 6.44, 2.00, 8.98, -8.97, -5.74 , 1.27, -0.09, -0.36 
3910, 5.916016, 6.92, 8.42, 1.89, 8.36, -9.46, -3.27 , 1.27, -0.07, -0.26 
3916, 5.212891, 6.94, 8.92, 1.77, 7.68, -12.37, -3.95 , 1.27, -0.11, -0.45 
3923, 4.597656, 7.20, 7.13, -0.06, 8.23, -12.07, -3.51 , 1.27, -0.04, -0.17 
3929, 3.982422, 8.24, 6.32, -0.33, 8.54, -9.07, -2.58 , 1.27, 0.00, 0.02 
3936, 3.455078, 7.91, 7.93, -0.63, 10.29, -10.05, -2.61 , 1.28, 0.04, 0.16 
3942, 3.015625, 10.54, 7.26, -1.23, 9.64, -6.25, -1.38 , 1.28, 0.10, 0.40 
3949, 2.664062, 10.08, 8.14, -1.93, 10.35, -8.35, -1.60 , 1.28, 0.10, 0.40 
3956, 2.312500, 10.15, 6.99, -1.35, 10.80, -8.69, -1.25 , 1.28, 0.10, 0.40 
3962, 2.224609, 10.62, 6.31, -1.40, 10.76, -9.39, -1.69 , 1.29, 0.18, 0.70 
3969, 2.136719, 10.66, 6.81, -1.92, 10.99, -2.97, -1.52 , 1.28, 0.17, 0.65 
3975, 2.136719, 10.21, 8.79, -0.74, 10.61, -3.77, -3.11 , 1.28, 0.13, 0.50 
3982, 2.136719, 9.67, 7.45, -0.19, 10.70, -0.27, -4.71 , 1.29, 0.19, 0.75 
3988, 2.136719, 10.15, 7.14, -0.05, 11.52, 9.76, -4.10 , 1.28, 0.10, 0.40 
3995, 2.224609, 10.50, 7.25, 1.08, 13.61, 19.61, -1.08 , 1.28, 0.07, 0.26 
4001, 2.312500, 13.15, 4.33, 0.39, 14.13, 19.61, 1.31 , 1.28, 0.05, 0.21 
4008, 2.312500, 15.25, 1.02, 2.07, 15.93, 19.61, -0.77 , 1.28, 0.04, 0.16 
4014, 2.312500, 16.73, 2.73, 2.88, 17.17, 11.74, 4.12 , 1.28, 0.04, 0.16 
4021, 2.312500, 17.31, 2.92, 3.93, 19.61, -6.63, 7.27 , 1.28, 0.04, 0.16 
4027, 2.312500, 16.87, 6.17, 3.41, 17.56, -9.97, 5.57 , 1.28, 0.03, 0.11 
4034, 2.312500, 16.81, 10.39, 1.40, 17.03, -12.63, 3.93 , 1.28, 0.07, 0.26 
4040, 2.312500, 16.48, 10.14, 0.00, 16.87, -10.05, 3.87 , 1.28, 0.07, 0.26 
4047, 2.312500, 15.43, 10.40, -1.38, 15.93, -2.96, 3.10 , 1.29, 0.18, 0.70 
4054, 2.400391, 14.65, 9.86, -1.70, 14.97, 0.40, 1.90 , 1.28, 0.09, 0.35 
4060, 2.488281, 13.63, 5.69, -1.13, 13.68, -1.19, -0.49 , 1.28, 0.17, 0.65 
4067, 2.751953, 12.27, 2.86, 0.23, 12.71, 2.30, -2.38 , 1.29, 0.20, 0.80 
4073, 2.927734, 11.12, 1.72, 1.30, 11.56, 0.15, -4.36 , 1.29, 0.19, 0.75 
4080, 3.191406, 10.18, -1.41, 0.94, 10.11, 0.89, -6.89 , 1.29, 0.20, 0.80 
4086, 3.542969, 9.13, -2.99, -0.63, 9.50, 0.73, -8.58 , 1.29, 0.18, 0.70 
4093, 3.894531, 8.67, -4.13, -2.87, 9.00, 1.30, -8.17 , 1.29, 0.22, 0.85 
4099, 4.246094, 8.14, -5.09, -3.60, 8.08, -0.99, -7.30 , 1.29, 0.22, 0.85 
4106, 4.685547, 7.45, -5.70, -4.05, 7.08, -2.25, -6.79 , 1.29, 0.22, 0.85 
4112, 5.125000, 6.90, -6.32, -4.39, 6.77, -5.14, -6.84 , 1.29, 0.23, 0.90 
4119, 5.652344, 6.53, -5.90, -4.73, 6.36, -6.31, -6.83 , 1.29, 0.20, 0.80 
4125, 6.179688, 6.28, -5.00, -4.69, 5.65, -8.94, -5.40 , 1.29, 0.19, 0.75 
4132, 6.794922, 5.80, -3.48, -4.92, 3.00, -7.05, -3.96 , 1.29, 0.19, 0.75 
4138, 7.322266, 5.68, -2.15, -4.34, 4.46, -4.36, -3.88 , 1.29, 0.19, 0.75 
4145, 7.849609, 6.62, -1.90, -4.27, 5.22, -4.22, -2.18 , 1.29, 0.19, 0.75 
4151, 8.289062, 7.92, -1.72, -3.53, 5.20, -1.13, -1.64 , 1.29, 0.18, 0.70 
4158, 8.552734, 9.02, -1.10, -2.42, 6.39, -0.86, -0.82 , 1.29, 0.18, 0.70 
4164, 8.816406, 9.82, -0.93, -1.43, 7.59, 0.13, -1.13 , 1.28, 0.07, 0.26 
4171, 8.992188, 10.88, -1.51, -0.40, 8.39, -3.71, -0.47 , 1.28, 0.04, 0.16 
4178, 9.167969, 10.18, -2.88, -0.71, 9.79, -5.73, -1.07 , 1.27, -0.03, -0.12 
4184, 9.255859, 11.21, -2.94, -0.54, 9.57, -6.73, -1.50 , 1.27, -0.07, -0.26 
4191, 9.343750, 10.63, -1.33, -0.29, 9.93, -4.09, -1.62 , 1.27, -0.08, -0.31 
4197, 9.343750, 11.07, 0.17, 0.12, 10.19, -4.95, -1.85 , 1.27, 0.02, 0.06 
4204, 9.343750, 10.85, 0.06, 0.26, 10.13, -3.38, -2.30 , 1.27, 0.00, 0.02 
4210, 9.343750, 10.90, 0.43, 0.17, 10.11, -3.47, -2.03 , 1.27, 0.00, 0.02 
4217, 9.343750, 10.58, 0.74, -0.21, 9.87, -2.66, -2.42 , 1.27, -0.01, -0.03 
4223, 9.343750, 10.29, -0.13, -0.43, 9.79, -3.19, -2.53 , 1.27, 0.00, 0.02 
4230, 9.343750, 10.07, 0.01, -0.97, 9.73, -2.58, -2.29 , 1.27, -0.03, -0.12 
4236, 9.343750, 9.81, 0.42, -1.41, 9.65, -2.50, -2.33 , 1.27, -0.03, -0.12 
4243, 9.343750, 9.40, 0.62, -1.82, 9.29, -1.38, -2.38 , 1.27, -0.02, -0.08 
4249, 9.255859, 9.39, 1.41, -1.99, 9.13, -0.80, -1.98 , 1.27, 0.00, 0.02 
4256, 9.167969, 9.14, 1.29, -2.07, 8.96, -0.66, -1.89 , 1.27, -0.02, -0.08 
4262, 9.167969, 9.01, 0.85, -2.10, 9.02, -0.88, -1.70 , 1.27, -0.02, -0.08 
4269, 9.167969, 8.82, 0.61, -2.15, 8.95, -0.14, -1.83 , 1.27, 0.00, 0.02 
4275, 9.080078, 8.98, 1.24, -1.98, 8.95, 0.38, -2.19 , 1.27, -0.02, -0.08 
4282, 8.992188, 8.99, 1.73, -1.87, 8.94, 0.04, -2.38 , 1.27, -0.04, -0.17 
4289, 8.904297, 8.92, 0.92, -1.94, 8.82, 1.00, -2.36 , 1.27, -0.02, -0.08 
4295, 8.816406, 9.00, 1.66, -1.67, 9.00, 0.80, -2.22 , 1.27, -0.04, -0.17 
4302, 8.640625, 9.18, 2.14, -1.64, 8.91, -0.23, -2.25 , 1.27, -0.02, -0.08 
4308, 8.464844, 9.25, 1.65, -1.61, 9.00, -1.13, -2.34 , 1.27, -0.01, -0.03 
4315, 8.289062, 9.36, 1.71, -1.74, 9.18, -1.57, -2.28 , 1.27, 0.02, 0.06 
4321, 8.113281, 9.29, 1.52, -2.13, 9.29, -1.67, -2.45 , 1.27, 0.00, 0.02 
4328, 7.937500, 9.23, 1.59, -1.88, 9.23, -1.28, -2.42 , 1.27, 0.00, 0.02 
4334, 7.849609, 9.12, 1.15, -1.73, 9.15, -1.41, -2.75 , 1.27, 0.00, 0.02 
4341, 7.761719, 8.97, 0.89, -1.61, 9.22, -1.58, -2.06 , 1.27, 0.00, 0.02 
4347, 7.585938, 9.06, 1.18, -1.57, 9.24, -0.49, -2.28 , 1.27, 0.00, 0.02 
4354, 7.410156, 9.05, 1.44, -1.53, 9.03, 0.38, -2.42 , 1.27, -0.02, -0.08 
4360, 7.322266, 8.91, 1.30, -1.09, 8.92, -0.10, -2.44 , 1.27, -0.04, -0.17 
4367, 7.146484, 8.77, 0.83, -1.12, 8.91, -1.46, -2.33 , 1.27, 0.02, 0.06 
4373, 7.058594, 8.66, 0.73, -1.30, 8.92, -1.38, -2.63 , 1.27, -0.03, -0.12 
4380, 7.058594, 8.86, 1.22, -1.39, 9.00, -1.45, -2.47 , 1.27, -0.02, -0.08 
4386, 6.970703, 8.85, 0.47, -1.23, 9.10, -0.73, -2.44 , 1.27, -0.02, -0.08 
4393, 6.794922, 9.29, 1.09, -1.39, 9.18, -0.44, -1.89 , 1.27, -0.02, -0.08 
4399, 6.707031, 9.33, 1.39, -1.35, 9.33, -0.44, -1.86 , 1.27, -0.02, -0.08 
4406, 6.619141, 9.52, 0.75, -1.30, 9.45, -1.20, -2.37 , 1.27, -0.03, -0.12 
4413, 6.531250, 9.77, -0.13, -1.20, 9.59, -3.28, -2.67 , 1.27, -0.02, -0.08 
4419, 6.531250, 9.61, -0.43, -1.19, 9.67, -4.15, -2.77 , 1.27, -0.02, -0.08 
4426, 6.443359, 9.09, -0.73, -0.27, 9.95, -4.42, -2.14 , 1.27, -0.04, -0.17 
4432, 6.443359, 9.80, 0.07, -1.58, 9.61, -3.33, -2.18 , 1.27, -0.03, -0.12 
4439, 6.443359, 9.76, 0.23, -1.47, 9.50, -2.67, -2.48 , 1.27, -0.01, -0.03 
4445, 6.443359, 9.89, -0.19, -1.08, 9.32, -3.12, -2.09 , 1.27, -0.04, -0.17 
4452, 6.443359, 10.18, -2.35, -3.07, 10.11, -2.20, -2.04 , 1.27, -0.04, -0.17 
4458, 6.443359, 9.37, -2.04, -0.81, 8.65, -3.68, -2.77 , 1.27, -0.07, -0.26 
4465, 6.443359, 9.41, -0.75, -1.44, 8.97, -4.04, -2.55 , 1.27, -0.03, -0.12 
4471, 6.443359, 9.04, -1.30, -1.19, 8.60, -2.83, -2.90 , 1.27, -0.09, -0.36 
4478, 6.443359, 9.33, -1.13, -1.27, 8.76, -3.76, -2.80 , 1.27, -0.07, -0.26 
4484, 6.443359, 8.92, -2.08, -1.30, 8.69, -3.27, -3.05 , 1.27, -0.08, -0.31 
4491, 6.355469, 9.42, -1.47, -1.54, 8.70, -3.81, -2.96 , 1.27, -0.07, -0.26 
4497, 6.267578, 9.16, -1.80, -1.61, 8.78, -4.03, -3.08 , 1.27, -0.03, -0.12 
4504, 6.179688, 9.45, -1.97, -1.84, 8.81, -3.14, -3.12 , 1.27, -0.03, -0.12 
4510, 6.003906, 9.57, -1.61, -1.82, 8.87, -3.37, -3.14 , 1.27, -0.06, -0.22 
4517, 5.916016, 9.45, -2.15, -1.74, 9.05, -3.87, -3.02 , 1.27, 0.00, 0.02 
4524, 5.740234, 9.54, -2.62, -1.92, 8.94, -3.29, -3.32 , 1.27, -0.02, -0.08 
4530, 5.564453, 9.75, -1.68, -1.98, 9.17, -4.04, -3.03 , 1.28, 0.03, 0.11 
4537, 5.476562, 9.42, -2.73, -1.78, 9.34, -2.95, -3.28 , 1.27, -0.02, -0.08 
4543, 5.388672, 9.83, -1.92, -2.17, 9.53, -3.35, -3.37 , 1.28, 0.04, 0.16 
4550, 5.300781, 9.59, -2.39, -1.87, 9.45, -2.50, -3.21 , 1.28, 0.03, 0.11 
4556, 5.212891, 9.83, -2.49, -2.07, 9.73, -2.75, -2.78 , 1.28, 0.03, 0.11 
4563, 5.125000, 9.59, -2.31, -2.26, 9.63, -2.11, -2.90 , 1.28, 0.04, 0.16 
4569, 5.125000, 9.66, -1.81, -2.13, 9.71, -1.47, -3.00 , 1.28, 0.05, 0.21 
4576, 5.125000, 9.70, -1.11, -2.40, 9.74, -0.96, -2.58 , 1.28, 0.04, 0.16 
4582, 5.037109, 9.75, -0.27, -2.14, 9.73, -1.04, -2.45 , 1.28, 0.04, 0.16 
4589, 5.037109, 9.82, -0.06, -2.33, 9.84, -1.74, -2.44 , 1.28, 0.04, 0.16 
4595, 5.037109, 9.82, 0.34, -2.27, 9.78, -2.15, -2.56 , 1.28, 0.04, 0.16 
4602, 5.037109, 9.87, 0.93, -2.17, 9.84, -2.43, -2.76 , 1.28, 0.04, 0.16 
4608, 5.037109, 9.99, 1.45, -2.54, 10.06, -4.08, -2.75 , 1.28, 0.04, 0.16 
4615, 5.037109, 10.21, 1.63, -2.92, 10.35, -4.03, -2.59 , 1.28, 0.04, 0.16 
4621, 5.037109, 10.40, 2.24, -3.13, 10.80, -3.91, -2.50 , 1.28, 0.04, 0.16 
4628, 5.125000, 10.65, 2.37, -3.07, 11.03, -3.99, -2.25 , 1.28, 0.07, 0.26 
4634, 5.125000, 10.84, 2.12, -3.01, 11.39, -3.88, -2.03 , 1.28, 0.10, 0.40 
4641, 5.125000, 11.19, 1.60, -2.94, 11.98, -3.54, -1.75 , 1.28, 0.08, 0.30 
4648, 5.125000, 11.81, 1.41, -2.73, 12.61, -2.90, -1.74 , 1.28, 0.10, 0.40 
4654, 5.125000, 12.60, 0.86, -3.36, 13.51, -2.00, -1.57 , 1.28, 0.17, 0.65 
4661, 5.212891, 13.40, 1.07, -3.31, 14.65, -1.56, -1.59 , 1.28, 0.10, 0.40 
4667, 5.300781, 14.20, 0.84, -2.83, 15.05, -2.06, -1.76 , 1.28, 0.11, 0.45 
4674, 5.388672, 14.61, -0.65, -3.38, 16.02, -0.52, -1.75 , 1.28, 0.10, 0.40 
4680, 5.564453, 15.51, 0.45, -3.53, 16.35, -1.23, -1.17 , 1.28, 0.13, 0.50 
4687, 5.740234, 15.35, 0.58, -2.75, 16.30, -0.57, -1.25 , 1.28, 0.13, 0.50 
4693, 5.916016, 15.31, 0.27, -2.31, 16.43, -0.41, -0.22 , 1.28, 0.13, 0.50 
4700, 6.091797, 15.00, 0.01, -1.83, 16.75, -1.05, 0.76 , 1.28, 0.17, 0.65 
4706, 6.443359, 14.82, -0.52, -1.57, 16.56, 0.35, 1.69 , 1.28, 0.17, 0.65 
4713, 6.707031, 14.25, -0.33, -1.31, 16.93, 1.07, 2.49 , 1.28, 0.15, 0.60 
4719, 7.146484, 14.27, -0.87, -0.77, 16.60, 2.42, 3.05 , 1.29, 0.20, 0.80 
4726, 7.585938, 13.96, -0.88, -0.44, 16.43, 4.61, 0.73 , 1.29, 0.23, 0.90 
4732, 8.113281, 13.60, -0.94, 0.10, 16.46, 4.81, -0.92 , 1.29, 0.20, 0.80 
4739, 8.728516, 12.43, -2.02, 0.85, 15.32, 6.63, -2.74 , 1.29, 0.24, 0.95 
4745, 9.255859, 11.37, 0.20, 0.66, 13.81, 3.27, -4.10 , 1.29, 0.26, 1.00 
4752, 9.958984, 9.55, -1.20, 0.24, 13.92, 3.19, -6.34 , 1.29, 0.27, 1.05 
4759, 10.750000, 8.79, -1.44, 0.38, 13.27, -0.21, -5.34 , 1.29, 0.27, 1.05 
4765, 11.628906, 7.64, -2.01, -0.03, 12.45, -2.98, -6.01 , 1.29, 0.27, 1.05 
4772, 12.595703, 7.34, -1.92, 0.17, 12.42, -2.98, -4.20 , 1.30, 0.37, 1.47 
4778, 13.650391, 7.61, -5.39, -0.48, 15.35, -4.83, -4.91 , 1.30, 0.46, 1.80 
4785, 14.617188, 7.78, -0.30, -0.54, 14.94, -1.59, -4.96 , 1.30, 0.47, 1.85 
4791, 15.759766, 8.36, -2.40, 0.47, 14.03, -4.10, -3.80 , 1.30, 0.47, 1.85 
4798, 17.166016, 9.22, -3.24, 1.07, 16.36, -8.73, -5.15 , 1.31, 0.54, 2.13 
4804, 18.572266, 9.16, -3.04, 1.27, 15.50, -4.14, -3.13 , 1.31, 0.66, 2.58 
4811, 19.714844, 12.62, -2.30, 1.00, 13.58, 7.10, -2.75 , 1.33, 0.92, 3.60 
4817, 20.945312, 13.34, 0.74, 1.02, 12.47, 7.43, -0.59 , 1.33, 0.98, 3.85 
4824, 21.912109, 14.32, -1.38, 3.08, 11.57, 1.35, -2.44 , 1.33, 0.93, 3.66 
4830, 23.318359, 15.51, -2.50, 2.27, 13.48, -9.28, -3.13 , 1.33, 0.93, 3.66 
4837, 24.548828, 17.15, -5.91, 2.94, 9.27, -14.64, -5.00 , 1.33, 0.93, 3.66 
4844, 25.691406, 17.50, -3.64, 0.88, 9.36, -16.04, -8.66 , 1.33, 0.88, 3.48 
4850, 26.833984, 13.80, -3.86, 0.96, 7.69, -12.30, -7.77 , 1.33, 0.92, 3.60 
4857, 27.800781, 15.99, -5.11, 0.02, 3.18, -5.10, -7.28 , 1.33, 0.92, 3.60 
4863, 28.767578, 15.14, -2.77, -1.67, 4.21, -4.40, -5.07 , 1.32, 0.85, 3.35 
4870, 29.646484, 14.58, -5.56, -2.32, 7.26, -9.79, -2.34 , 1.32, 0.84, 3.29 
4876, 30.701172, 17.35, -9.46, -2.39, 2.78, -4.27, -0.51 , 1.31, 0.67, 2.64 
4883, 31.580078, 14.18, -9.70, -4.79, 2.23, -5.45, -1.36 , 1.31, 0.56, 2.18 
4889, 32.546875, 11.90, -7.73, -2.65, 1.80, -6.83, 1.14 , 1.31, 0.53, 2.07 
4896, 33.425781, 11.55, -8.53, -2.89, 1.19, -5.60, -0.79 , 1.30, 0.46, 1.80 
4902, 34.304688, 10.45, -4.87, -2.38, 1.01, -3.61, 3.29 , 1.30, 0.42, 1.63 
4909, 35.095703, 10.03, -3.48, -1.55, 0.34, 0.08, 3.02 , 1.30, 0.37, 1.47 
4915, 35.798828, 9.54, -1.91, -0.66, 1.08, -3.75, 2.15 , 1.29, 0.29, 1.16 
4922, 36.501953, 8.38, -1.56, 0.07, 0.16, -3.40, 2.70 , 1.29, 0.26, 1.00 
4929, 37.117188, 7.98, -2.87, 0.27, -1.63, 0.10, 1.57 , 1.29, 0.24, 0.95 
4935, 37.556641, 8.27, -0.21, 0.36, 0.18, -0.36, 2.51 , 1.29, 0.24, 0.95 
4942, 37.820312, 8.93, -0.14, 0.77, -1.30, 1.83, 2.66 , 1.29, 0.24, 0.95 
4948, 37.996094, 9.27, 0.60, 0.67, -0.17, 0.98, 0.46 , 1.29, 0.18, 0.70 
4955, 38.171875, 8.18, 2.08, 1.05, 0.31, -1.66, 1.52 , 1.29, 0.18, 0.70 
4961, 38.259766, 8.19, -1.30, 0.84, 0.59, -9.82, 1.41 , 1.28, 0.17, 0.65 
4968, 38.259766, 7.85, -1.52, 0.36, 1.20, -8.73, 0.84 , 1.28, 0.05, 0.21 
4974, 38.259766, 7.66, -0.45, 0.35, 0.81, -4.73, 1.33 , 1.28, 0.08, 0.30 
4981, 38.259766, 6.95, 0.68, 1.04, 2.14, -3.63, 1.59 , 1.28, 0.07, 0.26 
4987, 38.259766, 7.52, 0.52, 0.66, 2.25, -1.72, 1.44 , 1.28, 0.08, 0.30 
4994, 38.171875, 7.94, -0.32, -0.20, 2.66, -3.95, 1.72 , 1.28, 0.05, 0.21 
5000, 37.996094, 7.21, 1.30, -0.26, 2.31, 0.76, 2.00 , 1.27, -0.03, -0.12 
5007, 37.820312, 7.36, 1.16, -0.23, 4.93, -4.81, 1.36 , 1.26, -0.15, -0.58 
5013, 37.644531, 6.85, 0.09, -0.88, 4.75, -4.77, 0.45 , 1.25, -0.27, -1.07 
5020, 37.380859, 7.03, 0.00, -0.55, 6.03, -4.99, 0.74 , 1.26, -0.26, -1.02 
5027, 37.117188, 6.81, 1.06, -0.59, 6.29, -0.86, 0.70 , 1.25, -0.27, -1.07 
5033, 36.589844, 7.53, 3.15, -0.57, 6.51, 0.08, 0.11 , 1.26, -0.18, -0.72 
5040, 36.062500, 8.07, 3.66, -0.46, 6.75, 0.81, 0.50 , 1.26, -0.15, -0.58 
5046, 35.447266, 7.90, 5.10, -0.92, 7.84, -2.75, -1.61 , 1.26, -0.22, -0.85 
5053, 34.744141, 8.30, 3.17, -0.20, 9.91, -6.14, -0.90 , 1.26, -0.22, -0.85 
5059, 34.041016, 7.01, 2.86, -0.30, 7.72, -5.92, -1.34 , 1.25, -0.28, -1.11 
5066, 33.337891, 8.71, 1.98, 0.88, 9.02, -6.04, -1.39 , 1.24, -0.50, -1.97 
5072, 32.546875, 7.95, 3.65, -0.49, 10.05, -7.51, -1.98 , 1.24, -0.50, -1.97 
5079, 31.843750, 8.18, 0.40, -1.21, 8.58, -5.58, -2.33 , 1.24, -0.50, -1.97 
5085, 30.876953, 8.73, 2.39, -0.71, 8.03, -5.49, -1.77 , 1.24, -0.50, -1.97 
5092, 30.085938, 8.78, 3.15, -1.91, 9.28, -6.79, -1.75 , 1.24, -0.50, -1.97 
5098, 29.207031, 7.39, 0.44, -1.20, 8.94, -7.90, -3.32 , 1.24, -0.50, -1.97 
5105, 28.328125, 6.95, -0.84, -2.16, 9.09, -5.70, -2.87 , 1.24, -0.50, -1.97 
5111, 27.537109, 5.73, -0.28, -0.37, 8.43, -5.48, -2.62 , 1.24, -0.50, -1.97 
5118, 26.570312, 9.70, 2.22, -2.24, 6.69, -8.38, -2.09 , 1.24, -0.50, -1.97 
5125, 25.691406, 8.57, -0.60, -2.89, 11.21, -3.69, -3.74 , 1.24, -0.50, -1.97 
5131, 24.724609, 7.49, 2.56, -0.20, 11.07, -5.77, -3.52 , 1.24, -0.50, -1.97 
5138, 23.757812, 8.41, 1.33, 0.40, 13.52, -7.55, -3.87 , 1.24, -0.50, -1.97 
5144, 22.703125, 8.34, 0.83, 0.68, 10.52, -5.97, -3.87 , 1.25, -0.31, -1.24 
5151, 22.000000, 5.70, 4.31, -0.51, 15.99, -6.84, -6.04 , 1.25, -0.33, -1.28 
5157, 20.681641, 11.29, 0.38, -0.19, 11.43, -6.43, -1.96 , 1.24, -0.50, -1.97 
5164, 19.714844, 7.70, 1.05, -0.04, 13.93, -8.63, -5.42 , 1.25, -0.30, -1.19 
5170, 18.923828, 8.75, -0.02, 1.11, 13.20, -8.40, -4.16 , 1.25, -0.30, -1.19 
5177, 18.044922, 7.66, 2.40, 1.97, 12.75, -13.63, -4.57 , 1.24, -0.50, -1.97 
5183, 17.166016, 9.13, 2.18, -0.42, 11.52, -2.23, -3.38 , 1.24, -0.50, -1.97 
5190, 16.287109, 6.92, 2.66, 2.52, 10.81, 0.03, -1.54 , 1.24, -0.50, -1.97 
5197, 15.408203, 7.02, 4.92, 3.22, 12.63, -3.68, -3.34 , 1.24, -0.50, -1.97 
5203, 14.441406, 7.23, 5.42, 2.28, 11.08, -2.50, -3.17 , 1.25, -0.27, -1.07 
5210, 13.474609, 8.88, 1.63, 1.43, 11.74, -3.08, -2.14 , 1.26, -0.23, -0.89 
5216, 12.419922, 6.45, 4.94, 0.87, 13.43, -7.75, -4.73 , 1.25, -0.29, -1.15 
5223, 11.628906, 7.70, 2.10, 2.48, 13.04, -8.91, -3.73 , 1.26, -0.25, -0.98 
5229, 10.750000, 7.05, 3.38, 2.88, 11.30, -7.00, -4.77 , 1.26, -0.17, -0.67 
5236, 9.783203, 6.02, 6.28, 4.21, 13.21, -7.13, -6.08 , 1.26, -0.18, -0.72 
5242, 8.816406, 7.11, 4.79, 5.31, 10.05, -7.78, -3.46 , 1.27, -0.13, -0.49 
5249, 8.025391, 7.49, 6.24, 4.24, 8.02, -8.30, -4.95 , 1.27, -0.09, -0.36 
5255, 7.146484, 8.62, 8.67, 3.30, 7.52, -9.62, -4.12 , 1.27, -0.13, -0.49 
5262, 6.267578, 7.57, 9.90, 0.92, 8.82, -7.90, -2.71 , 1.26, -0.14, -0.54 
5268, 5.564453, 6.41, 6.99, 2.09, 7.27, -8.67, -2.68 , 1.26, -0.16, -0.63 
5275, 4.861328, 6.57, 6.04, 0.80, 7.79, -10.84, -1.39 , 1.27, -0.13, -0.49 
5281, 4.158203, 6.30, 9.68, 0.47, 8.90, -10.45, -1.42 , 1.27, -0.09, -0.36 
5288, 3.455078, 7.44, 9.17, 0.22, 7.72, -6.72, -0.55 , 1.27, -0.02, -0.08 
5294, 2.839844, 7.39, 10.07, -2.40, 8.41, -10.24, -0.51 , 1.27, -0.02, -0.08 
5301, 2.312500, 8.16, 13.33, -0.91, 9.82, -9.80, -0.76 , 1.28, 0.03, 0.11 
5307, 1.873047, 9.81, 7.99, -1.00, 9.52, -9.88, -0.83 , 1.28, 0.05, 0.21 
5314, 1.521484, 10.19, 6.78, -1.16, 10.91, -10.12, -1.65 , 1.28, 0.17, 0.65 
5321, 1.257812, 10.75, 6.88, -1.22, 11.26, -9.09, -1.53 , 1.29, 0.22, 0.85 
5327, 1.169922, 10.59, 7.35, -0.14, 10.25, -1.49, -1.95 , 1.29, 0.22, 0.85 
5334, 1.169922, 10.10, 7.22, -0.29, 10.24, -1.61, -1.77 , 1.28, 0.15, 0.60 
5340, 1.169922, 9.39, 6.18, -0.11, 9.40, -2.77, -6.25 , 1.28, 0.09, 0.35 
5347, 1.257812, 9.87, 4.88, -0.10, 10.26, 5.13, -6.62 , 1.29, 0.20, 0.80 
5353, 1.345703, 10.11, 5.91, 1.60, 12.46, 16.12, -5.72 , 1.29, 0.18, 0.70 
5360, 1.433594, 11.70, 5.06, 2.41, 14.53, 19.61, -0.01 , 1.28, 0.10, 0.40 
5366, 1.521484, 14.07, 2.73, 2.41, 16.10, 19.61, -0.21 , 1.28, 0.04, 0.16 
5373, 1.609375, 16.99, -2.03, 2.43, 16.56, 14.31, 1.32 , 1.28, 0.04, 0.16 
5379, 1.609375, 19.09, 0.14, 4.12, 19.61, -1.66, 4.02 , 1.28, 0.03, 0.11 
5386, 1.609375, 19.61, 3.41, 4.65, 19.61, -11.88, 5.62 , 1.28, 0.05, 0.21 
5392, 1.609375, 19.61, 5.60, 3.35, 19.61, -17.30, 4.61 , 1.28, 0.10, 0.40 
5399, 1.609375, 18.98, 5.96, 1.63, 18.65, -13.76, 5.29 , 1.29, 0.18, 0.70 
5406, 1.697266, 16.80, 6.88, -0.52, 16.72, -6.13, 5.50 , 1.28, 0.17, 0.65 
5412, 1.873047, 14.99, 5.94, -1.47, 14.83, -1.96, 5.10 , 1.28, 0.13, 0.50 
5419, 2.048828, 13.11, 5.35, -1.26, 13.26, -0.74, 2.86 , 1.28, 0.15, 0.60 
5425, 2.224609, 11.99, 3.98, 0.40, 12.07, -0.12, 0.63 , 1.28, 0.13, 0.50 
5432, 2.400391, 10.54, 1.74, 2.72, 11.08, -0.97, -0.86 , 1.29, 0.18, 0.70 
5438, 2.664062, 9.40, 0.06, 4.12, 10.36, 0.60, -3.85 , 1.29, 0.18, 0.70 
5445, 2.927734, 9.02, -2.14, 3.26, 9.38, 0.68, -6.07 , 1.29, 0.18, 0.70 
5451, 3.279297, 8.24, -4.16, 0.50, 9.36, 1.37, -7.81 , 1.29, 0.18, 0.70 
5458, 3.630859, 8.23, -4.97, -2.02, 8.47, 1.21, -8.20 , 1.29, 0.19, 0.75 
5464, 4.070312, 7.51, -5.93, -3.23, 8.72, 0.41, -7.75 , 1.29, 0.20, 0.80 
5471, 4.509766, 7.51, -6.02, -4.26, 8.08, -0.54, -7.53 , 1.29, 0.22, 0.85 
5477, 4.949219, 7.29, -5.10, -4.52, 6.91, -3.82, -7.45 , 1.29, 0.19, 0.75 
5484, 5.476562, 7.41, -4.46, -5.09, 6.75, -5.66, -6.93 , 1.29, 0.22, 0.85 
5490, 5.916016, 7.86, -2.90, -5.57, 6.75, -7.07, -6.86 , 1.29, 0.18, 0.70 
5497, 6.443359, 7.82, -1.76, -5.10, 7.39, -5.15, -7.06 , 1.28, 0.11, 0.45 
5503, 6.970703, 8.32, 0.12, -5.11, 6.79, -5.83, -3.89 , 1.28, 0.17, 0.65 
5510, 7.322266, 9.08, 0.60, -4.43, 7.17, -0.76, -3.60 , 1.28, 0.17, 0.65 
5516, 7.673828, 9.48, 1.92, -3.60, 7.17, -1.73, -2.57 , 1.28, 0.11, 0.45 
5523, 7.937500, 9.52, 1.38, -2.85, 7.86, 0.23, -1.64 , 1.28, 0.05, 0.21 
5529, 8.113281, 10.30, 0.63, -1.71, 9.44, -2.09, -1.55 , 1.28, 0.04, 0.16 
5536, 8.289062, 10.32, 0.72, -1.68, 9.60, -3.83, -1.40 , 1.27, 0.00, 0.02 
5543, 8.376953, 10.51, -1.14, -0.87, 10.22, -4.65, -1.79 , 1.27, -0.04, -0.17 
5549, 8.376953, 10.55, 0.13, -0.51, 10.50, -2.41, -1.11 , 1.27, -0.01, -0.03 
5556, 8.376953, 10.64, 1.07, -0.07, 10.74, -1.35, -1.20 , 1.27, -0.03, -0.12 
5562, 8.376953, 10.73, 1.16, 0.00, 10.88, -1.17, -0.84 , 1.27, -0.02, -0.08 
5569, 8.376953, 10.73, 1.15, -0.34, 10.81, -0.17, -0.76 , 1.27, -0.02, -0.08 
5575, 8.376953, 10.64, 0.69, -0.56, 10.65, 0.05, -1.21 , 1.28, 0.03, 0.11 
5582, 8.376953, 10.58, 0.51, -0.97, 10.42, -0.14, -1.74 , 1.27, 0.00, 0.02 
5588, 8.376953, 10.19, 0.61, -1.18, 9.97, -1.25, -2.29 , 1.27, 0.00, 0.02 
5595, 8.376953, 9.66, 0.26, -1.53, 9.40, -1.17, -2.56 , 1.27, -0.02, -0.08 
5601, 8.376953, 9.22, 0.51, -1.68, 8.92, -0.85, -2.61 , 1.27, 0.00, 0.02 
5608, 8.289062, 8.83, 0.77, -1.58, 8.53, -0.29, -2.51 , 1.28, 0.03, 0.11 
5614, 8.289062, 8.56, 1.32, -1.79, 8.34, -0.05, -2.34 , 1.28, 0.03, 0.11 
5621, 8.201172, 8.41, 1.40, -1.85, 8.27, -0.84, -2.09 , 1.28, 0.03, 0.11 
5628, 8.113281, 8.31, 0.95, -2.15, 8.30, -1.15, -2.22 , 1.28, 0.04, 0.16 
5634, 8.113281, 8.48, 0.70, -2.20, 8.40, -1.26, -2.52 , 1.28, 0.03, 0.11 
5641, 8.025391, 8.77, 0.62, -2.09, 8.59, -1.79, -2.77 , 1.27, -0.04, -0.17 
5647, 8.025391, 8.77, 0.28, -1.89, 8.77, -1.62, -2.69 , 1.27, -0.02, -0.08 
5654, 7.937500, 8.78, 0.27, -1.69, 8.66, -0.02, -2.19 , 1.28, 0.03, 0.11 
5660, 7.937500, 9.13, 0.61, -1.68, 8.73, 0.03, -1.91 , 1.27, 0.00, 0.02 
5667, 7.849609, 9.18, 0.34, -1.59, 9.06, -1.41, -1.77 , 1.27, -0.02, -0.08 
5673, 7.849609, 9.21, -0.56, -1.58, 9.22, -1.54, -1.66 , 1.27, -0.02, -0.08 
5680, 7.761719, 9.42, -0.58, -1.33, 9.19, -0.38, -1.64 , 1.27, 0.00, 0.02 
5686, 7.585938, 9.58, 0.03, -1.25, 9.15, 0.06, -1.72 , 1.27, 0.00, 0.02 
5693, 7.498047, 9.57, 0.33, -1.18, 9.04, -0.82, -1.89 , 1.27, 0.02, 0.06 
5699, 7.410156, 9.57, -0.17, -1.06, 9.18, -1.56, -2.32 , 1.27, -0.02, -0.08 
5706, 7.322266, 9.62, -0.56, -1.02, 9.18, -2.17, -2.37 , 1.27, -0.01, -0.03 
5712, 7.234375, 9.46, -0.93, -0.93, 9.21, -2.16, -2.82 , 1.27, -0.03, -0.12 
5719, 7.234375, 9.50, -0.36, -1.30, 9.09, -1.56, -2.96 , 1.27, -0.07, -0.26 
5725, 7.146484, 9.32, -0.19, -1.44, 9.06, -0.47, -3.13 , 1.27, -0.03, -0.12 
5732, 7.058594, 9.28, 0.26, -1.53, 8.90, 0.64, -2.91 , 1.27, -0.07, -0.26 
5738, 6.970703, 9.38, 1.31, -1.76, 8.69, 0.70, -2.59 , 1.27, -0.04, -0.17 
5745, 6.882812, 9.15, 0.96, -1.96, 8.57, 0.64, -2.54 , 1.27, 0.00, 0.02 
5752, 6.707031, 9.26, 1.40, -1.98, 8.79, -0.03, -2.19 , 1.27, -0.01, -0.03 
5758, 6.531250, 9.10, 0.88, -1.82, 8.73, -2.66, -2.21 , 1.27, -0.04, -0.17 
5765, 6.531250, 8.87, -0.84, -1.87, 8.74, -3.58, -2.41 , 1.27, -0.08, -0.31 
5771, 6.443359, 8.85, -0.93, -1.78, 8.54, -2.21, -2.21 , 1.27, -0.04, -0.17 
5778, 6.355469, 8.88, -0.07, -1.21, 8.65, -0.20, -2.04 , 1.27, -0.03, -0.12 
5784, 6.179688, 9.13, 0.95, -1.40, 8.71, 0.55, -1.95 , 1.27, -0.01, -0.03 
5791, 6.091797, 9.29, 0.94, -1.16, 8.84, -0.04, -1.73 , 1.27, 0.00, 0.02 
5797, 5.916016, 9.37, 0.21, -0.75, 9.17, -1.85, -1.66 , 1.27, 0.02, 0.06 
5804, 5.828125, 9.49, -0.70, -0.26, 9.27, -3.31, -1.41 , 1.28, 0.03, 0.11 
5810, 5.740234, 9.64, -0.55, -0.28, 9.56, -3.61, -1.21 , 1.27, 0.00, 0.02 
5817, 5.652344, 9.64, -0.48, 0.38, 9.68, -2.87, -1.29 , 1.27, 0.02, 0.06 
5823, 5.564453, 9.91, -0.28, -0.55, 9.72, -2.10, -1.67 , 1.28, 0.03, 0.11 
5830, 5.564453, 9.94, 0.44, -0.76, 9.60, -1.64, -2.41 , 1.28, 0.04, 0.16 
5836, 5.476562, 10.02, 0.30, -0.90, 9.45, -1.44, -2.62 , 1.28, 0.04, 0.16 
5843, 5.476562, 9.93, -0.01, -1.12, 9.48, -2.24, -2.84 , 1.28, 0.03, 0.11 
5849, 5.388672, 9.70, -0.30, -0.96, 9.39, -2.54, -3.33 , 1.28, 0.03, 0.11 
5856, 5.388672, 9.63, -0.21, -0.98, 9.35, -2.08, -3.86 , 1.27, 0.02, 0.06 
5863, 5.388672, 9.56, -0.00, -1.26, 9.20, -1.56, -3.95 , 1.28, 0.03, 0.11 
5869, 5.388672, 9.60, 0.12, -1.68, 9.23, -1.02, -3.92 , 1.28, 0.04, 0.16 
5876, 5.388672, 9.82, 0.18, -1.80, 9.32, -1.83, -3.62 , 1.28, 0.04, 0.16 
5882, 5.388672, 9.79, -0.17, -1.94, 9.29, -2.23, -3.11 , 1.28, 0.04, 0.16 
5889, 5.388672, 9.97, -0.10, -2.31, 9.72, -2.09, -2.54 , 1.27, 0.02, 0.06 
5895, 5.388672, 9.84, -0.54, -1.97, 9.33, -2.49, -2.22 , 1.28, 0.04, 0.16 
5902, 5.388672, 9.70, -0.85, -2.12, 8.79, -2.64, -2.22 , 1.27, 0.02, 0.06 
5908, 5.388672, 9.21, -0.98, -0.59, 9.50, -1.20, -2.15 , 1.28, 0.04, 0.16 
5915, 5.388672, 9.86, 0.16, -1.86, 8.83, -3.22, -2.37 , 1.27, 0.02, 0.06 
5921, 5.388672, 9.43, -0.82, -1.23, 9.06, -3.52, -2.36 , 1.28, 0.04, 0.16 
5928, 5.388672, 9.72, -1.34, -1.06, 9.26, -3.28, -2.43 , 1.28, 0.03, 0.11 
5934, 5.388672, 9.78, -1.19, -1.26, 9.37, -3.32, -2.74 , 1.27, 0.02, 0.06 
5941, 5.388672, 9.88, -1.08, -1.10, 9.41, -2.96, -2.65 , 1.28, 0.03, 0.11 
5947, 5.476562, 9.81, -1.10, -0.57, 9.40, -2.49, -2.81 , 1.28, 0.03, 0.11 
5954, 5.476562, 9.70, -1.20, -0.75, 9.14, -2.24, -3.09 , 1.28, 0.04, 0.16 
5960, 5.476562, 9.46, -1.28, -1.02, 8.85, -2.44, -2.95 , 1.28, 0.03, 0.11 
5967, 5.388672, 9.27, -1.31, -1.25, 8.74, -3.02, -2.61 , 1.28, 0.04, 0.16 
5974, 5.476562, 9.14, -1.13, -1.50, 8.59, -3.16, -2.47 , 1.28, 0.05, 0.21 
5980, 5.476562, 9.05, -0.66, -1.87, 8.64, -3.38, -2.25 , 1.28, 0.04, 0.16 
5987, 5.476562, 8.99, -0.31, -2.41, 8.53, -3.21, -2.09 , 1.28, 0.05, 0.21 
5993, 5.476562, 9.13, -0.12, -2.62, 8.75, -2.71, -2.42 , 1.28, 0.05, 0.21 
6000, 5.476562, 9.28, 0.28, -2.85, 9.02, -2.76, -2.49 , 1.28, 0.05, 0.21 
6006, 5.476562, 9.48, 0.39, -2.99, 9.24, -2.89, -2.54 , 1.28, 0.07, 0.26 
6013, 5.476562, 9.62, 0.49, -2.99, 9.50, -2.98, -2.73 , 1.28, 0.08, 0.30 
6019, 5.476562, 9.76, 0.70, -2.94, 9.62, -2.95, -2.93 , 1.28, 0.10, 0.40 
6026, 5.476562, 9.87, 0.55, -2.72, 9.84, -3.07, -3.14 , 1.28, 0.10, 0.40 
6033, 5.564453, 9.70, 0.28, -1.87, 9.93, -3.27, -3.36 , 1.28, 0.11, 0.45 
6039, 5.564453, 9.90, -0.35, -2.05, 10.07, -3.12, -3.33 , 1.28, 0.10, 0.40 
6046, 5.652344, 10.10, -0.60, -2.46, 10.38, -3.97, -3.43 , 1.28, 0.11, 0.45 
6052, 5.828125, 10.86, -0.95, -3.15, 11.27, -3.54, -3.53 , 1.28, 0.14, 0.55 
6059, 5.916016, 11.55, -0.60, -3.43, 11.60, -3.46, -3.45 , 1.28, 0.11, 0.45 
6065, 6.003906, 12.06, -0.59, -3.36, 12.17, -3.61, -3.25 , 1.28, 0.11, 0.45 
6072, 6.179688, 12.61, -0.23, -3.26, 12.62, -3.35, -2.86 , 1.28, 0.15, 0.60 
6078, 6.355469, 12.93, 0.11, -3.28, 12.70, -2.87, -2.38 , 1.28, 0.15, 0.60 
6085, 6.531250, 12.84, 0.30, -2.60, 12.75, -3.58, -1.93 , 1.28, 0.10, 0.40 
6091, 6.707031, 12.70, -0.10, -2.03, 12.77, -3.63, -1.36 , 1.28, 0.13, 0.50 
6098, 6.970703, 12.62, -0.53, -1.68, 13.02, -3.82, -0.87 , 1.28, 0.13, 0.50 
6104, 7.146484, 12.67, -0.57, -1.66, 13.09, -3.03, -0.58 , 1.28, 0.13, 0.50 
6111, 7.410156, 12.99, -0.77, -1.62, 13.34, -2.80, -0.06 , 1.29, 0.19, 0.75 
6118, 7.673828, 12.96, -0.82, -1.50, 13.80, -3.07, -0.01 , 1.29, 0.20, 0.80 
6124, 7.937500, 13.24, -1.44, -1.06, 13.86, -3.39, 0.58 , 1.29, 0.18, 0.70 
6131, 8.289062, 12.93, -2.23, -0.55, 14.14, -2.60, 0.74 , 1.29, 0.20, 0.80 
6137, 8.640625, 12.84, -2.13, -0.08, 13.87, -2.00, 0.83 , 1.29, 0.23, 0.90 
6144, 9.080078, 13.06, -1.72, -0.01, 13.67, -2.17, 1.01 , 1.29, 0.23, 0.90 
6150, 9.519531, 12.59, -2.33, -0.03, 13.53, -2.03, 0.22 , 1.29, 0.24, 0.95 
6157, 9.958984, 12.09, -2.87, 0.23, 13.09, -1.03, -0.37 , 1.29, 0.23, 0.90 
6163, 10.486328, 10.74, -1.87, -0.30, 12.88, -1.91, -2.20 , 1.29, 0.28, 1.11 
6170, 11.101562, 10.74, -2.66, 0.10, 12.36, -1.18, -2.25 , 1.29, 0.27, 1.05 
6176, 11.716797, 9.59, -2.48, -0.09, 11.03, 0.28, -4.00 , 1.29, 0.28, 1.11 
6183, 12.419922, 8.65, -3.45, -0.08, 10.63, -1.08, -4.75 , 1.29, 0.31, 1.21 
6189, 13.123047, 8.56, -2.83, -0.38, 9.36, -0.72, -4.38 , 1.29, 0.29, 1.16 
6196, 13.914062, 7.63, -1.58, -0.53, 10.92, -1.21, -5.12 , 1.29, 0.32, 1.26 
6203, 14.705078, 6.87, -3.26, -1.27, 10.39, -0.15, -4.94 , 1.29, 0.28, 1.11 
6209, 15.583984, 6.67, -3.48, -0.62, 11.16, -1.90, -4.47 , 1.29, 0.28, 1.11 
6216, 16.550781, 8.76, -5.68, 0.41, 13.47, -8.44, -5.49 , 1.30, 0.39, 1.53 
6222, 17.605469, 9.27, -2.89, -0.77, 15.05, -2.75, -5.21 , 1.30, 0.44, 1.74 
6229, 18.572266, 9.93, -2.61, 0.09, 13.62, -3.88, -4.54 , 1.30, 0.46, 1.80 
6235, 19.714844, 11.03, -2.74, 0.47, 14.46, -5.75, -3.96 , 1.30, 0.46, 1.80 
6242, 20.857422, 10.61, -2.71, 0.57, 14.55, -4.27, -2.92 , 1.30, 0.46, 1.80 
6248, 21.912109, 12.32, -4.14, 0.70, 13.93, -4.77, -3.28 , 1.30, 0.46, 1.80 
6255, 23.318359, 12.86, -2.28, 0.76, 12.51, -1.23, -0.91 , 1.30, 0.46, 1.80 
6261, 24.636719, 12.14, -3.45, 0.71, 14.06, -1.10, -2.75 , 1.30, 0.43, 1.69 
6268, 25.867188, 15.02, -2.31, -0.06, 10.09, -0.84, 0.61 , 1.30, 0.48, 1.90 
6274, 26.921875, 14.65, -0.62, 0.37, 7.89, 5.07, -2.33 , 1.31, 0.56, 2.18 
6281, 27.800781, 14.89, 0.50, 0.54, 7.07, -0.76, -1.45 , 1.31, 0.58, 2.30 
6288, 28.679688, 15.99, 0.96, 0.94, 7.24, -9.73, -1.35 , 1.31, 0.56, 2.18 
6294, 29.558594, 12.09, -1.27, -0.27, 4.58, -8.78, -1.62 , 1.30, 0.48, 1.90 
6301, 30.437500, 14.48, -2.78, -0.82, 2.63, -15.82, -3.37 , 1.30, 0.46, 1.80 
6307, 31.228516, 13.31, -1.31, -2.15, 4.41, -16.33, -3.84 , 1.30, 0.43, 1.69 
6314, 32.107422, 12.06, -3.06, -1.42, 4.20, -16.75, -4.60 , 1.30, 0.46, 1.80 
6320, 32.986328, 11.31, -3.94, -1.67, 2.39, -13.77, -2.06 , 1.30, 0.40, 1.58 
6327, 33.865234, 11.50, -1.42, -1.43, 1.40, -10.52, -2.36 , 1.30, 0.36, 1.42 
6333, 34.568359, 11.79, -1.57, -1.72, -1.00, -6.82, -0.40 , 1.30, 0.33, 1.31 
6340, 35.271484, 11.76, -0.97, -1.30, 0.24, -8.07, -1.42 , 1.29, 0.27, 1.05 
6346, 36.062500, 11.25, -1.81, -0.96, 0.08, -6.17, -0.02 , 1.29, 0.28, 1.11 
6353, 36.765625, 11.09, -3.02, -0.71, -1.55, -5.26, -0.10 , 1.29, 0.22, 0.85 
6359, 37.292969, 10.78, -0.08, -0.46, -0.27, -5.02, 1.05 , 1.29, 0.23, 0.90 
6366, 37.820312, 10.68, -1.03, -0.13, -0.07, -2.96, 1.61 , 1.29, 0.20, 0.80 
6373, 38.171875, 11.38, 0.48, -0.05, -2.26, -0.90, 0.36 , 1.28, 0.13, 0.50 
6379, 38.523438, 10.23, 1.38, -0.17, 0.57, -2.31, 2.38 , 1.29, 0.22, 0.85 
6386, 38.787109, 10.69, 0.14, 0.01, -1.50, 0.03, 1.25 , 1.29, 0.20, 0.80 
6392, 38.875000, 9.82, 2.60, -0.67, 0.15, -3.07, 0.06 , 1.28, 0.15, 0.60 
6399, 38.962891, 8.78, -0.10, -0.15, -0.20, -1.96, 0.45 , 1.28, 0.17, 0.65 
6405, 38.962891, 9.24, 0.06, -0.87, 0.69, -6.88, 0.77 , 1.28, 0.08, 0.30 
6412, 38.962891, 8.34, -2.59, -0.71, 0.73, -7.87, -0.08 , 1.28, 0.10, 0.40 
6418, 39.050781, 8.47, -2.13, -0.56, 1.07, -6.34, -0.00 , 1.28, 0.08, 0.30 
6425, 39.050781, 8.41, -1.30, -0.56, 1.15, -4.36, -0.24 , 1.28, 0.08, 0.30 
6431, 39.050781, 8.36, -0.62, -0.24, 2.25, -3.42, -0.65 , 1.28, 0.10, 0.40 
6438, 39.050781, 8.17, -0.35, -0.42, 1.58, -2.27, -0.57 , 1.28, 0.10, 0.40 
6444, 38.962891, 8.32, -0.33, -0.62, 2.45, -3.73, -1.11 , 1.28, 0.04, 0.16 
6451, 38.962891, 8.66, -0.34, -0.40, 3.16, -4.94, -0.42 , 1.28, 0.03, 0.11 
6457, 38.962891, 8.38, -2.00, -0.83, 2.93, -6.10, -1.15 , 1.27, -0.02, -0.08 
6464, 38.962891, 8.08, -0.18, -0.92, 3.65, -7.86, -0.92 , 1.27, 0.02, 0.06 
6471, 38.875000, 7.85, -0.44, -0.34, 3.05, -5.91, -1.21 , 1.27, -0.09, -0.36 
6477, 38.787109, 8.21, 0.36, -0.10, 3.68, -6.96, -0.44 , 1.27, -0.09, -0.36 
6484, 38.611328, 8.04, 0.94, 0.28, 3.34, -5.88, -0.46 , 1.27, -0.11, -0.45 
6490, 38.435547, 8.46, 1.66, 0.34, 3.38, -5.30, -0.11 , 1.27, -0.09, -0.36 
6497, 38.259766, 8.96, 1.87, 0.05, 3.94, -4.41, -0.47 , 1.27, -0.11, -0.45 
6503, 37.908203, 8.99, 1.96, -0.24, 3.96, -4.10, -0.42 , 1.27, -0.13, -0.49 
6520, 37.029297, 9.11, 2.02, -1.13, 5.11, -4.76, -1.43 , 1.27, -0.10, -0.40 
6526, 36.589844, 9.31, 2.55, -1.09, 5.31, -5.29, -0.91 , 1.27, -0.08, -0.31 
6533, 36.062500, 9.26, 2.90, -0.71, 5.47, -6.43, -1.06 , 1.26, -0.14, -0.54 
6539, 35.535156, 9.68, 2.96, -1.20, 6.68, -8.17, -1.56 , 1.27, -0.11, -0.45 
6546, 35.007812, 9.30, 3.41, -1.78, 7.09, -6.38, 0.31 , 1.26, -0.14, -0.54 
6553, 34.392578, 9.47, 3.12, -0.60, 6.91, -7.65, -1.34 , 1.27, -0.10, -0.40 
6559, 33.777344, 8.30, 3.91, -1.35, 7.13, -5.95, -0.46 , 1.26, -0.16, -0.63 
6566, 33.074219, 9.08, 3.56, -0.40, 7.78, -8.63, -1.89 , 1.26, -0.15, -0.58 
6572, 32.546875, 8.68, 0.88, -0.11, 7.21, -7.69, -1.37 , 1.26, -0.22, -0.85 
6579, 31.931641, 8.32, 2.39, -0.60, 8.11, -8.20, -1.33 , 1.26, -0.20, -0.80 
6585, 31.316406, 8.49, 2.53, 0.05, 8.76, -6.90, -1.02 , 1.25, -0.29, -1.15 
6592, 30.613281, 9.45, 4.13, 0.35, 8.84, -8.48, -1.82 , 1.26, -0.23, -0.89 
6598, 29.998047, 8.22, 1.42, 0.43, 8.29, -4.85, -2.08 , 1.25, -0.27, -1.07 
6605, 29.294922, 8.56, 3.59, 0.30, 8.99, -6.57, -1.04 , 1.25, -0.29, -1.15 
6611, 28.679688, 8.65, 1.79, 0.29, 7.12, -3.84, -1.93 , 1.25, -0.30, -1.19 
6618, 27.888672, 8.51, 2.11, 1.60, 8.76, -4.64, 0.19 , 1.25, -0.30, -1.19 
6624, 27.097656, 9.06, 4.19, 0.96, 8.37, -6.13, -1.66 , 1.25, -0.30, -1.19 
6631, 26.394531, 7.90, 3.61, 1.27, 10.93, -5.36, -3.17 , 1.26, -0.22, -0.85 
6637, 25.603516, 7.41, 1.31, 2.44, 10.22, -3.68, -1.93 , 1.25, -0.29, -1.15 
6644, 24.812500, 7.20, 3.07, 1.22, 9.41, -7.73, -1.05 , 1.25, -0.27, -1.07 
6650, 24.021484, 8.38, 1.66, 0.08, 9.20, -4.66, -1.81 , 1.26, -0.22, -0.85 
6657, 23.230469, 8.46, 1.13, 0.99, 9.91, -6.33, -2.30 , 1.25, -0.29, -1.15 
6664, 22.351562, 7.52, 3.04, -0.04, 9.77, -4.31, -2.46 , 1.25, -0.27, -1.07 
6670, 22.000000, 9.17, 4.37, -0.42, 9.10, -2.22, -1.78 , 1.26, -0.20, -0.80 
6677, 20.681641, 8.04, 1.77, -0.24, 7.91, -3.15, -3.35 , 1.26, -0.18, -0.72 
6683, 19.802734, 8.28, 1.43, 0.41, 9.85, -7.07, -2.41 , 1.26, -0.20, -0.80 
6690, 19.099609, 7.77, 0.88, 1.06, 9.48, -10.20, -2.82 , 1.26, -0.23, -0.89 
6696, 18.396484, 8.15, -0.01, -1.51, 9.98, -8.30, -3.12 , 1.26, -0.20, -0.80 
6703, 17.693359, 8.24, -0.33, 0.19, 10.32, -4.95, -2.51 , 1.26, -0.25, -0.98 
6709, 16.990234, 9.68, 4.70, 0.95, 8.03, -3.57, -2.42 , 1.26, -0.25, -0.98 
6716, 16.287109, 8.99, 3.06, 1.05, 10.19, -4.09, -1.90 , 1.26, -0.22, -0.85 
6722, 15.583984, 8.69, 0.43, 0.37, 10.78, -3.41, -2.01 , 1.26, -0.22, -0.85 
6729, 14.792969, 8.57, 3.75, 0.10, 10.59, -5.39, -2.68 , 1.26, -0.25, -0.98 
6735, 14.001953, 8.08, 3.83, 0.83, 10.61, -3.93, -1.98 , 1.26, -0.20, -0.80 
6742, 13.210938, 9.79, 4.47, 1.43, 10.15, -3.53, -1.84 , 1.26, -0.16, -0.63 
6748, 12.419922, 8.91, 4.23, 0.69, 10.09, -5.49, -2.45 , 1.26, -0.16, -0.63 
6755, 11.628906, 9.22, 2.48, 1.34, 9.52, -7.02, -3.77 , 1.27, -0.09, -0.36 
6762, 10.837891, 9.30, 3.47, 0.38, 10.86, -8.25, -3.49 , 1.27, -0.04, -0.17 
6768, 10.046875, 8.28, 3.26, 0.57, 10.96, -4.07, -3.94 , 1.27, -0.07, -0.26 
6775, 9.343750, 7.94, 0.32, -0.40, 10.44, -5.08, -4.81 , 1.27, -0.03, -0.12 
6781, 8.640625, 8.43, 3.33, 1.20, 9.85, -4.61, -3.98 , 1.27, -0.10, -0.40 
6788, 8.025391, 8.77, 3.86, 1.72, 9.54, -6.21, -3.18 , 1.27, -0.10, -0.40 
6794, 7.322266, 7.61, 4.98, 3.84, 7.98, -1.53, -3.34 , 1.27, -0.03, -0.12 
6801, 6.619141, 7.38, 6.72, 3.68, 10.71, -4.93, -2.72 , 1.27, -0.08, -0.31 
6807, 6.003906, 7.91, 4.06, 2.99, 8.13, -5.60, -1.37 , 1.27, -0.07, -0.26 
6814, 5.388672, 6.57, 4.98, 2.05, 8.18, -8.84, -2.43 , 1.27, -0.09, -0.36 
6820, 4.773438, 7.15, 5.74, 1.94, 8.40, -6.75, -2.02 , 1.27, -0.08, -0.31 
6827, 4.246094, 7.26, 5.22, 1.75, 8.16, -6.07, -1.13 , 1.27, -0.04, -0.17 
6833, 3.718750, 7.58, 7.23, 0.76, 7.61, -6.37, -1.04 , 1.27, -0.02, -0.08 
6840, 3.191406, 6.76, 9.73, 0.25, 7.99, -6.38, -2.25 , 1.28, 0.03, 0.11 
6846, 2.751953, 8.05, 6.95, 0.30, 9.33, -2.97, -1.66 , 1.28, 0.04, 0.16 
6853, 2.400391, 9.75, 6.16, -0.33, 9.74, -6.10, -1.21 , 1.28, 0.04, 0.16 
6859, 2.136719, 9.73, 6.95, -0.34, 10.08, -5.48, -5.27 , 1.28, 0.04, 0.16 
6866, 1.873047, 11.49, 4.94, 0.07, 11.49, 2.18, -5.02 , 1.28, 0.07, 0.26 
6872, 1.697266, 12.01, 5.32, 1.05, 13.57, 11.80, -2.53 , 1.28, 0.10, 0.40 
6879, 1.521484, 13.27, 4.41, 1.09, 13.84, 17.21, 0.06 , 1.28, 0.04, 0.16 
6886, 1.433594, 14.21, 2.44, 0.53, 14.48, 13.16, -0.07 , 1.28, 0.04, 0.16 
6892, 1.257812, 14.84, 0.53, -0.79, 14.55, 8.22, -0.90 , 1.27, 0.02, 0.06 
6899, 1.169922, 14.98, 0.40, -0.56, 14.73, 3.14, 1.18 , 1.27, 0.02, 0.06 
6905, 1.082031, 14.27, 1.42, 0.42, 14.15, 2.77, 3.76 , 1.28, 0.04, 0.16 
6912, 0.994141, 13.67, 3.21, 0.24, 13.33, 3.25, 3.72 , 1.28, 0.05, 0.21 
6918, 0.994141, 13.49, 3.31, 0.14, 13.01, 3.65, 2.46 , 1.28, 0.05, 0.21 
6925, 0.994141, 12.97, 3.92, 0.21, 12.42, 5.48, 1.83 , 1.28, 0.04, 0.16 
6931, 0.994141, 12.26, 3.65, 0.56, 11.41, 5.31, 1.53 , 1.28, 0.04, 0.16 
6938, 0.994141, 11.23, 2.99, 1.17, 10.64, 4.64, 1.17 , 1.28, 0.05, 0.21 
6944, 0.994141, 10.41, 3.43, 1.24, 9.68, 4.25, 0.16 , 1.28, 0.04, 0.16 
6951, 0.994141, 9.70, 3.77, 1.55, 9.18, 3.40, -1.65 , 1.28, 0.04, 0.16 
6957, 0.994141, 9.62, 4.30, 1.88, 8.94, 1.42, -5.59 , 1.28, 0.05, 0.21 
6964, 0.994141, 10.16, 4.26, 2.01, 9.36, -1.39, -9.53 , 1.28, 0.05, 0.21 
6970, 0.994141, 11.29, 4.78, 2.37, 10.87, -3.61, -10.59 , 1.28, 0.05, 0.21 
6977, 0.994141, 12.38, 5.43, 2.12, 12.64, -5.42, -6.97 , 1.28, 0.05, 0.21 
6984, 0.994141, 13.67, 6.13, 0.39, 14.25, -9.37, -2.64 , 1.28, 0.07, 0.26 
6990, 0.994141, 14.48, 5.52, -1.61, 14.88, -13.11, -0.21 , 1.28, 0.05, 0.21 
6997, 0.994141, 15.15, 5.18, -4.53, 15.18, -15.38, 2.19 , 1.28, 0.07, 0.26 
7003, 1.082031, 14.61, 3.70, -5.52, 14.48, -12.27, 2.18 , 1.29, 0.20, 0.80 
7010, 1.169922, 13.20, 1.88, -5.55, 13.28, -8.02, 2.04 , 1.29, 0.18, 0.70 
7016, 1.345703, 12.26, -1.02, -5.70, 11.74, -5.45, 1.44 , 1.28, 0.13, 0.50 
7023, 1.521484, 10.69, -3.64, -4.81, 9.91, -2.04, 0.24 , 1.28, 0.10, 0.40 
7029, 1.697266, 8.94, -5.73, -3.48, 8.82, 0.40, 0.08 , 1.28, 0.04, 0.16 
7036, 1.873047, 7.60, -7.52, -1.24, 7.63, 2.39, 0.35 , 1.28, 0.04, 0.16 
7042, 1.960938, 6.45, -8.33, -0.63, 6.76, 5.02, -0.14 , 1.28, 0.04, 0.16 
7049, 1.960938, 5.76, -7.94, 1.38, 5.71, 3.80, -1.10 , 1.28, 0.03, 0.11 
7055, 1.960938, 5.79, -10.00, 1.70, 5.78, 1.46, -2.77 , 1.28, 0.04, 0.16 
7062, 1.960938, 6.18, -8.70, 1.51, 5.92, 0.80, -3.84 , 1.28, 0.04, 0.16 
7069, 1.960938, 6.65, -7.90, 1.54, 6.43, 0.71, -4.79 , 1.28, 0.04, 0.16 
7075, 1.960938, 7.18, -6.81, 0.94, 7.01, 0.27, -4.88 , 1.28, 0.04, 0.16 
7082, 1.960938, 7.89, -5.37, 0.30, 7.50, -0.08, -4.32 , 1.28, 0.04, 0.16 
7088, 1.960938, 8.39, -3.96, -0.87, 7.93, 0.01, -4.22 , 1.28, 0.04, 0.16 
7095, 1.960938, 8.91, -2.88, -1.79, 8.45, 0.44, -3.77 , 1.28, 0.03, 0.11 
7101, 1.960938, 9.43, -1.48, -2.75, 8.68, 0.74, -3.79 , 1.27, 0.02, 0.06 
7108, 1.960938, 9.70, -0.60, -3.23, 8.94, 0.60, -3.71 , 1.28, 0.04, 0.16 
7114, 1.960938, 10.02, -0.42, -3.54, 9.32, -1.04, -3.45 , 1.28, 0.04, 0.16 
7121, 1.873047, 10.37, -0.51, -3.63, 9.63, -1.06, -2.95 , 1.28, 0.04, 0.16 
7128, 1.873047, 10.55, 0.09, -3.39, 9.98, -1.22, -2.48 , 1.27, -0.01, -0.03 
7134, 1.873047, 10.83, 0.43, -2.95, 10.26, -0.85, -2.14 , 1.27, 0.02, 0.06 
7141, 1.873047, 10.93, 0.64, -2.66, 10.27, 0.92, -1.81 , 1.28, 0.03, 0.11 
7147, 1.873047, 11.02, 1.76, -2.41, 10.52, 1.08, -1.47 , 1.28, 0.04, 0.16 
7154, 1.785156, 11.08, 1.15, -2.01, 10.45, 0.83, -1.35 , 1.28, 0.04, 0.16 
7160, 1.785156, 10.94, 0.70, -1.81, 10.24, 0.98, -1.22 , 1.28, 0.03, 0.11 
7167, 1.785156, 10.72, 0.92, -1.41, 10.30, 1.58, -0.94 , 1.27, 0.02, 0.06 
7173, 1.785156, 10.43, 0.87, -1.06, 10.00, 0.87, -1.00 , 1.27, 0.00, 0.02 
7180, 1.697266, 10.23, 0.83, -0.74, 9.68, 1.95, -0.96 , 1.27, -0.03, -0.12 
7186, 1.697266, 9.93, 1.35, -0.71, 9.55, 2.22, -1.01 , 1.27, -0.02, -0.08 
7193, 1.697266, 9.67, 1.42, -0.43, 9.30, 2.68, -1.22 , 1.27, -0.02, -0.08 
7199, 1.609375, 9.68, 1.57, -0.42, 9.21, 2.71, -1.41 , 1.27, 0.02, 0.06 
7206, 1.609375, 9.54, 1.44, -0.67, 9.10, 2.48, -1.87 , 1.27, 0.02, 0.06 
7212, 1.521484, 9.73, 1.32, -0.68, 9.08, 2.01, -2.26 , 1.27, 0.00, 0.02 
7219, 1.521484, 9.66, 0.97, -0.73, 9.07, 1.57, -2.47 , 1.28, 0.04, 0.16 
7226, 1.433594, 9.72, 0.89, -1.08, 9.15, 1.41, -2.75 , 1.27, 0.00, 0.02 
7232, 1.433594, 9.91, 1.22, -1.36, 9.31, 1.03, -2.78 , 1.28, 0.04, 0.16 
7239, 1.433594, 9.99, 1.69, -1.69, 9.39, 1.71, -2.60 , 1.28, 0.04, 0.16 
7245, 1.433594, 10.24, 2.26, -1.97, 9.79, 0.69, -2.43 , 1.28, 0.04, 0.16 
7252, 1.433594, 10.39, 1.63, -2.09, 9.71, -0.01, -2.43 , 1.28, 0.04, 0.16 
7258, 1.433594, 10.57, 1.46, -2.23, 9.91, -0.43, -2.09 , 1.28, 0.04, 0.16 
7265, 1.433594, 10.52, 1.28, -2.16, 9.74, -0.43, -2.14 , 1.28, 0.05, 0.21 
7271, 1.433594, 10.48, 1.02, -2.36, 9.72, -0.92, -2.06 , 1.28, 0.04, 0.16 
7278, 1.433594, 10.41, 0.77, -2.26, 9.57, -0.85, -2.01 , 1.28, 0.04, 0.16 
7284, 1.433594, 10.24, 0.44, -2.09, 9.47, -0.82, -2.07 , 1.28, 0.05, 0.21 
7291, 1.433594, 10.02, 0.05, -1.89, 9.34, -0.74, -2.00 , 1.28, 0.04, 0.16 
7297, 1.433594, 9.92, -0.42, -1.65, 9.22, -0.72, -1.95 , 1.28, 0.04, 0.16 
7304, 1.433594, 9.86, -0.83, -1.52, 9.14, -0.41, -1.97 , 1.28, 0.04, 0.16 
7310, 1.433594, 9.74, -1.30, -1.18, 9.07, -0.22, -2.08 , 1.28, 0.04, 0.16 
7317, 1.433594, 9.63, -1.61, -0.97, 9.00, -0.03, -2.16 , 1.28, 0.03, 0.11 
7323, 1.433594, 9.69, -1.74, -0.74, 9.05, -0.10, -2.07 , 1.28, 0.04, 0.16 
7330, 1.433594, 9.65, -1.98, -0.63, 9.04, -0.08, -2.16 , 1.28, 0.04, 0.16 
7336, 1.433594, 9.73, -2.08, -0.57, 9.21, -0.24, -2.16 , 1.28, 0.04, 0.16 
7343, 1.433594, 9.79, -2.17, -0.39, 9.21, -0.41, -2.24 , 1.28, 0.04, 0.16 
7349, 1.433594, 9.86, -2.18, -0.52, 9.30, -0.63, -2.15 , 1.28, 0.04, 0.16 
7356, 1.433594, 9.90, -2.14, -0.40, 9.23, -0.75, -2.07 , 1.28, 0.04, 0.16 
7362, 1.433594, 9.97, -2.02, -0.47, 9.30, -0.84, -2.02 , 1.28, 0.04, 0.16 
7369, 1.433594, 10.00, -1.89, -0.34, 9.24, -0.94, -1.97 , 1.28, 0.04, 0.16 
7375, 1.433594, 9.86, -1.82, -0.18, 9.28, -1.01, -1.85 , 1.28, 0.04, 0.16 
7382, 1.433594, 9.93, -1.66, -0.06, 9.23, -1.11, -1.74 , 1.28, 0.04, 0.16 
7388, 1.433594, 9.89, -1.58, -0.07, 9.24, -1.11, -1.76 , 1.28, 0.07, 0.26 
7395, 1.433594, 9.94, -1.47, -0.12, 9.27, -1.20, -1.75 , 1.28, 0.04, 0.16 
7401, 1.433594, 9.96, -1.22, -0.24, 9.48, -1.24, -1.80 , 1.28, 0.04, 0.16 
7408, 1.433594, 10.03, -1.32, -0.28, 9.49, -0.99, -1.84 , 1.28, 0.04, 0.16 
7415, 1.433594, 10.13, -1.18, -0.42, 9.52, -0.79, -1.91 , 1.28, 0.04, 0.16 
7421, 1.433594, 10.19, -1.04, -0.60, 9.40, -0.51, -1.96 , 1.28, 0.04, 0.16 
7428, 1.433594, 10.11, -0.93, -0.84, 9.48, -0.32, -1.95 , 1.28, 0.04, 0.16 
7434, 1.433594, 10.07, -0.88, -1.07, 9.40, -0.12, -1.99 , 1.28, 0.04, 0.16 
7441, 1.433594, 9.97, -0.66, -1.18, 9.22, -0.06, -1.92 , 1.28, 0.04, 0.16 
7447, 1.433594, 9.95, -0.46, -1.26, 9.27, -0.02, -1.97 , 1.28, 0.04, 0.16 
7454, 1.433594, 9.90, -0.23, -1.30, 9.21, -0.00, -2.05 , 1.28, 0.04, 0.16 
7460, 1.433594, 9.88, 0.05, -1.40, 9.25, 0.06, -2.10 , 1.28, 0.04, 0.16 
7467, 1.433594, 10.01, 0.31, -1.53, 9.30, 0.01, -2.25 , 1.28, 0.04, 0.16 
7473, 1.433594, 10.15, 0.59, -1.53, 9.40, -0.12, -2.44 , 1.28, 0.04, 0.16 
7480, 1.433594, 10.25, 0.73, -1.62, 9.50, 0.05, -2.50 , 1.28, 0.04, 0.16 
7486, 1.433594, 10.29, 0.84, -1.63, 9.57, 0.11, -2.52 , 1.28, 0.04, 0.16 
7493, 1.433594, 10.38, 0.79, -1.55, 9.63, 0.10, -2.45 , 1.28, 0.04, 0.16 
7499, 1.433594, 10.38, 0.69, -1.64, 9.66, 0.03, -2.34 , 1.28, 0.04, 0.16 
7506, 1.433594, 10.34, 0.46, -1.65, 9.63, -0.05, -2.20 , 1.28, 0.04, 0.16 
7512, 1.433594, 10.33, 0.33, -1.54, 9.61, -0.21, -1.98 , 1.28, 0.04, 0.16 
7519, 1.433594, 10.34, 0.18, -1.41, 9.58, -0.18, -1.89 , 1.28, 0.04, 0.16 
7525, 1.433594, 10.22, 0.01, -1.36, 9.57, -0.27, -1.70 , 1.28, 0.04, 0.16 
7532, 1.433594, 10.24, -0.05, -1.17, 9.65, -0.23, -1.81 , 1.28, 0.04, 0.16 
7538, 1.433594, 10.28, -0.16, -0.88, 9.69, -0.22, -1.82 , 1.28, 0.05, 0.21 
7545, 1.433594, 10.33, -0.16, -0.79, 9.75, -0.12, -1.92 , 1.28, 0.04, 0.16 
7551, 1.433594, 10.30, -0.11, -0.61, 10.04, -0.21, -2.08 , 1.28, 0.04, 0.16 
7558, 1.433594, 10.35, -0.35, -0.17, 9.75, 0.07, -2.04 , 1.28, 0.04, 0.16 
7565, 1.433594, 10.31, -0.33, -0.36, 9.71, -0.12, -2.52 , 1.28, 0.04, 0.16 
7571, 1.433594, 10.34, -0.21, -0.45, 9.59, -0.35, -2.51 , 1.28, 0.04, 0.16 
7578, 1.433594, 10.20, -0.24, -0.20, 9.62, -0.57, -2.37 , 1.28, 0.04, 0.16 
7584, 1.433594, 10.21, -0.28, -0.31, 9.62, -0.49, -2.19 , 1.28, 0.04, 0.16 
7591, 1.433594, 10.21, -0.40, -0.20, 9.56, -0.73, -1.97 , 1.28, 0.04, 0.16 
7597, 1.433594, 10.11, -0.46, -0.26, 9.48, -0.70, -1.76 , 1.28, 0.07, 0.26 
7604, 1.433594, 10.10, -0.49, -0.39, 9.42, -0.84, -1.38 , 1.28, 0.04, 0.16 
7610, 1.433594, 10.03, -0.53, -0.48, 9.39, -0.96, -0.99 , 1.28, 0.04, 0.16 
7617, 1.433594, 10.00, -0.83, -0.38, 9.37, -1.19, -0.97 , 1.28, 0.05, 0.21 
7623, 1.433594, 10.02, -0.97, -0.31, 9.37, -1.47, -1.29 , 1.28, 0.04, 0.16 
7630, 1.433594, 9.97, -1.13, -0.33, 9.49, -1.54, -1.61 , 1.28, 0.04, 0.16 
7636, 1.433594, 10.07, -1.38, -0.44, 9.45, -1.45, -1.75 , 1.28, 0.04, 0.16 
7643, 1.433594, 10.09, -1.52, -0.51, 9.39, -1.31, -2.00 , 1.28, 0.04, 0.16 
7649, 1.433594, 10.01, -1.41, -0.69, 9.42, -0.94, -2.04 , 1.28, 0.07, 0.26 
7656, 1.433594, 10.03, -1.35, -0.71, 9.32, -0.91, -2.21 , 1.28, 0.04, 0.16 
7662, 1.433594, 10.02, -1.23, -0.88, 9.33, -0.98, -2.19 , 1.28, 0.05, 0.21 
7669, 1.433594, 9.96, -1.39, -1.02, 9.24, -0.86, -2.24 , 1.28, 0.07, 0.26 
7675, 1.433594, 9.91, -1.28, -1.03, 9.15, -0.78, -2.25 , 1.28, 0.09, 0.35 
7682, 1.433594, 9.93, -1.32, -1.12, 9.08, -0.83, -2.27 , 1.28, 0.05, 0.21 
7688, 1.433594, 9.89, -1.41, -1.11, 9.11, -0.92, -2.22 , 1.28, 0.04, 0.16 
7695, 1.433594, 9.64, -1.44, -1.30, 9.16, -0.61, -2.01 , 1.28, 0.07, 0.26 
7702, 1.433594, 9.79, -1.50, -1.17, 9.04, -0.84, -1.69 , 1.28, 0.05, 0.21 
7708, 1.433594, 9.63, -1.35, -0.79, 9.12, -1.09, -1.57 , 1.28, 0.05, 0.21 
7715, 1.433594, 9.74, -1.53, -0.87, 9.09, -1.16, -1.35 , 1.28, 0.05, 0.21 
7721, 1.433594, 9.71, -1.45, -0.81, 9.02, -1.29, -1.46 , 1.28, 0.08, 0.30 
7728, 1.521484, 9.71, -1.27, -0.62, 9.09, -1.16, -1.41 , 1.28, 0.09, 0.35 
7734, 1.521484, 9.68, -1.11, -0.55, 8.93, -1.29, -1.37 , 1.28, 0.09, 0.35 
7741, 1.521484, 9.78, -1.22, -0.61, 9.12, -1.37, -1.26 , 1.28, 0.08, 0.30 
7747, 1.521484, 9.79, -1.21, -0.66, 9.07, -1.29, -1.35 , 1.28, 0.07, 0.26 
7754, 1.521484, 9.81, -1.00, -0.66, 9.13, -1.13, -1.26 , 1.28, 0.11, 0.45 
7760, 1.609375, 9.77, -0.89, -0.54, 9.19, -0.97, -1.27 , 1.28, 0.07, 0.26 
7767, 1.609375, 9.88, -0.87, -0.31, 9.29, -2.27, -1.34 , 1.28, 0.10, 0.40 
7773, 1.609375, 9.93, -1.26, -0.53, 9.31, -1.11, -1.41 , 1.28, 0.05, 0.21 
7780, 1.697266, 10.03, -0.78, -0.28, 9.50, -2.16, -1.45 , 1.28, 0.09, 0.35 
7786, 1.697266, 9.96, -0.94, -0.37, 9.38, -1.06, -1.50 , 1.28, 0.04, 0.16 
7793, 1.697266, 10.06, -0.68, -0.19, 9.60, -1.51, -1.34 , 1.28, 0.04, 0.16 
7799, 1.697266, 10.02, -0.51, -0.26, 9.43, -0.33, -1.45 , 1.28, 0.07, 0.26 
7806, 1.785156, 10.12, -0.49, -0.17, 9.54, -0.53, -1.46 , 1.28, 0.07, 0.26 
7812, 1.785156, 10.09, -0.61, -0.14, 9.52, -1.15, -1.32 , 1.28, 0.04, 0.16 
7819, 1.785156, 10.01, -1.07, -0.14, 9.43, -1.30, -1.42 , 1.28, 0.04, 0.16 
7825, 1.785156, 10.07, -1.06, -0.19, 9.34, -0.96, -1.52 , 1.28, 0.10, 0.40 
7832, 1.785156, 10.00, -0.97, -0.17, 9.29, -1.01, -1.60 , 1.28, 0.04, 0.16 
7838, 1.785156, 9.90, -1.11, -0.18, 9.42, -1.87, -1.37 , 1.28, 0.07, 0.26 
7845, 1.785156, 9.70, -1.19, -0.34, 9.02, 0.25, -1.63 , 1.28, 0.05, 0.21 
7851, 1.785156, 9.91, -0.72, -0.17, 9.28, -1.58, -1.47 , 1.28, 0.08, 0.30 
7858, 1.785156, 9.99, -1.15, -0.36, 9.27, -1.37, -1.47 , 1.28, 0.05, 0.21 
7865, 1.785156, 9.90, -1.09, -0.38, 9.28, -1.30, -1.66 , 1.28, 0.09, 0.35 
7871, 1.785156, 9.97, -1.07, -0.40, 9.20, -1.28, -1.59 , 1.28, 0.08, 0.30 
7878, 1.785156, 9.94, -1.17, -0.51, 9.32, -1.79, -1.64 , 1.28, 0.05, 0.21 
7884, 1.785156, 9.97, -1.16, -0.61, 9.24, -1.29, -1.70 , 1.27, -0.01, -0.03 
7891, 1.785156, 9.99, -1.27, -0.58, 9.32, -1.39, -1.83 , 1.28, 0.04, 0.16 
7897, 1.785156, 10.11, -1.50, -0.67, 9.24, -1.14, -1.80 , 1.28, 0.05, 0.21 
7904, 1.785156, 9.99, -1.26, -0.68, 9.48, -1.87, -1.75 , 1.28, 0.04, 0.16 
7910, 1.785156, 10.02, -1.34, -0.69, 9.25, -1.54, -1.70 , 1.28, 0.05, 0.21 
7917, 1.785156, 9.96, -1.39, -0.70, 9.29, -1.47, -1.70 , 1.28, 0.04, 0.16 
7923, 1.785156, 10.01, -1.44, -0.72, 9.29, -1.49, -1.74 , 1.28, 0.08, 0.30 
7930, 1.785156, 9.99, -1.52, -0.61, 9.27, -1.50, -1.66 , 1.28, 0.05, 0.21 
7936, 1.785156, 9.97, -1.35, -0.66, 9.39, -1.63, -1.81 , 1.28, 0.07, 0.26 
7943, 1.785156, 10.05, -1.47, -0.62, 9.35, -1.34, -1.73 , 1.28, 0.07, 0.26 
7949, 1.785156, 10.04, -1.44, -0.60, 9.45, -1.44, -1.81 , 1.28, 0.05, 0.21 
7956, 1.785156, 10.14, -1.38, -0.50, 9.48, -1.46, -1.80 , 1.28, 0.07, 0.26 
7962, 1.785156, 10.19, -1.42, -0.56, 9.48, -1.42, -1.69 , 1.28, 0.08, 0.30 
7969, 1.785156, 10.19, -1.30, -0.51, 9.52, -1.45, -1.72 , 1.28, 0.07, 0.26 
7975, 1.785156, 10.22, -1.29, -0.56, 9.50, -1.52, -1.68 , 1.28, 0.05, 0.21 
7982, 1.785156, 10.18, -1.36, -0.50, 9.47, -1.40, -1.77 , 1.28, 0.08, 0.30 
7988, 1.785156, 10.17, -1.45, -0.55, 9.41, -1.36, -1.71 , 1.28, 0.05, 0.21 
7995, 1.785156, 10.04, -1.32, -0.47, 9.40, -1.43, -1.71 , 1.28, 0.08, 0.30 
8001, 1.785156, 9.99, -1.42, -0.37, 9.25, -1.24, -1.64 , 1.28, 0.05, 0.21 
8008, 1.785156, 9.89, -1.36, -0.36, 9.21, -1.35, -1.76 , 1.28, 0.08, 0.30 
8014, 1.785156, 9.85, -1.39, -0.34, 9.19, -1.27, -1.62 , 1.28, 0.04, 0.16 
8021, 1.785156, 9.79, -1.29, -0.40, 9.09, -1.39, -1.53 , 1.28, 0.05, 0.21 
8028, 1.785156, 9.72, -1.38, -0.29, 9.09, -1.40, -1.61 , 1.28, 0.08, 0.30 
8034, 1.785156, 9.78, -1.26, -0.19, 9.14, -1.58, -1.57 , 1.28, 0.07, 0.26 
8041, 1.785156, 9.72, -1.27, -0.15, 9.15, -1.72, -1.58 , 1.28, 0.07, 0.26 
8047, 1.785156, 9.80, -1.28, -0.15, 9.17, -1.64, -1.51 , 1.28, 0.08, 0.30 
8054, 1.785156, 9.84, -1.15, -0.21, 9.22, -1.55, -1.55 , 1.28, 0.04, 0.16 
8060, 1.785156, 9.84, -0.95, -0.12, 9.29, -1.41, -1.40 , 1.28, 0.08, 0.30 
8067, 1.785156, 9.91, -0.80, -0.16, 9.30, -1.03, -1.37 , 1.28, 0.11, 0.45 
8073, 1.785156, 9.92, -0.28, -0.30, 9.39, -1.55, -1.32 , 1.28, 0.08, 0.30 
8080, 1.785156, 10.11, -0.94, -0.19, 9.46, -2.43, -1.27 , 1.28, 0.10, 0.40 
8086, 1.873047, 10.06, -0.92, -0.16, 9.30, -1.24, -1.36 , 1.28, 0.08, 0.30 
8093, 1.873047, 10.00, -0.69, -0.30, 9.33, -1.46, -1.32 , 1.28, 0.10, 0.40 
8099, 1.873047, 10.05, -0.67, -0.38, 9.28, -1.31, -1.37 , 1.28, 0.09, 0.35 
8106, 1.873047, 9.96, -0.87, -0.36, 9.42, -1.98, -1.41 , 1.28, 0.08, 0.30 
8112, 1.873047, 9.94, -0.91, -0.51, 9.29, -1.32, -1.33 , 1.28, 0.08, 0.30 
8119, 1.873047, 10.03, -0.91, -0.35, 9.35, -1.35, -1.39 , 1.28, 0.10, 0.40 
8125, 1.873047, 9.98, -0.97, -0.46, 9.31, -1.46, -1.48 , 1.28, 0.07, 0.26 
8132, 1.873047, 9.98, -0.91, -0.58, 9.37, -1.54, -1.50 , 1.28, 0.07, 0.26 
8138, 1.873047, 9.99, -0.98, -0.54, 9.28, -1.25, -1.56 , 1.28, 0.10, 0.40 
8145, 1.873047, 10.05, -1.11, -0.65, 9.30, -1.32, -1.53 , 1.28, 0.10, 0.40 
8151, 1.873047, 9.94, -1.02, -0.63, 9.31, -1.45, -1.58 , 1.28, 0.10, 0.40 
8158, 1.873047, 9.95, -1.07, -0.66, 9.34, -1.25, -1.60 , 1.28, 0.08, 0.30 
8164, 1.873047, 9.97, -1.13, -0.67, 9.33, -1.11, -1.63 , 1.28, 0.08, 0.30 
8171, 1.873047, 10.03, -1.17, -0.58, 9.35, -1.09, -1.66 , 1.28, 0.07, 0.26 
8177, 1.873047, 10.01, -1.16, -0.64, 9.40, -1.30, -1.66 , 1.28, 0.09, 0.35 
8184, 1.873047, 10.06, -1.14, -0.62, 9.36, -1.23, -1.60 , 1.28, 0.09, 0.35 
8190, 1.873047, 10.09, -1.16, -0.64, 9.41, -1.42, -1.68 , 1.28, 0.11, 0.45 
8197, 1.873047, 10.03, -1.13, -0.63, 9.43, -1.35, -1.57 , 1.28, 0.09, 0.35 
8204, 1.873047, 10.04, -1.22, -0.46, 9.35, -1.73, -1.61 , 1.28, 0.09, 0.35 
8210, 1.873047, 9.99, -1.16, -0.59, 9.34, -0.98, -1.67 , 1.28, 0.08, 0.30 
8217, 1.873047, 10.10, -1.24, -0.42, 9.34, -1.52, -1.60 , 1.28, 0.07, 0.26 
8223, 1.873047, 10.02, -1.43, -0.43, 9.29, -1.46, -1.58 , 1.28, 0.05, 0.21 
8230, 1.873047, 9.99, -1.47, -0.43, 9.39, -1.56, -1.56 , 1.28, 0.08, 0.30 
8236, 1.873047, 10.00, -1.42, -0.26, 9.40, -1.62, -1.53 , 1.28, 0.10, 0.40 
8243, 1.873047, 10.08, -1.34, -0.26, 9.39, -1.84, -1.50 , 1.28, 0.07, 0.26 
8249, 1.873047, 10.04, -1.35, -0.29, 9.45, -1.83, -1.50 , 1.28, 0.05, 0.21 
8256, 1.873047, 10.05, -1.42, -0.27, 9.39, -1.58, -1.47 , 1.28, 0.07, 0.26 
8262, 1.873047, 10.07, -1.43, -0.28, 9.43, -1.71, -1.42 , 1.28, 0.04, 0.16 
8269, 1.873047, 10.03, -1.34, -0.24, 9.37, -1.73, -1.40 , 1.28, 0.09, 0.35 
8275, 1.873047, 9.98, -1.45, -0.37, 9.33, -1.62, -1.43 , 1.28, 0.05, 0.21 
8282, 1.873047, 9.96, -1.20, -0.45, 9.38, -1.85, -1.47 , 1.28, 0.05, 0.21 
8288, 1.873047, 9.97, -1.35, -0.31, 9.24, -1.50, -1.45 , 1.28, 0.05, 0.21 
8295, 1.873047, 9.94, -1.31, -0.27, 9.28, -1.69, -1.35 , 1.28, 0.10, 0.40 
8301, 1.873047, 9.91, -1.36, -0.40, 9.21, -1.64, -1.41 , 1.28, 0.05, 0.21 
8308, 1.873047, 9.85, -1.17, -0.37, 9.27, -1.89, -1.47 , 1.28, 0.08, 0.30 
8314, 1.873047, 9.88, -1.41, -0.30, 9.22, -1.32, -1.51 , 1.28, 0.07, 0.26 
8321, 1.873047, 9.94, -1.21, -0.36, 9.26, -1.68, -1.54 , 1.28, 0.08, 0.30 
8327, 1.873047, 9.91, -1.26, -0.41, 9.28, -1.57, -1.58 , 1.28, 0.04, 0.16 
8334, 1.873047, 9.94, -1.19, -0.44, 9.28, -1.61, -1.46 , 1.28, 0.05, 0.21 
8340, 1.873047, 10.00, -1.28, -0.47, 9.35, -1.37, -1.69 , 1.28, 0.08, 0.30 
8347, 1.873047, 9.97, -1.18, -0.51, 9.36, -1.61, -1.54 , 1.28, 0.07, 0.26 
8353, 1.873047, 10.08, -1.11, -0.56, 9.40, -1.56, -1.48 , 1.28, 0.05, 0.21 
8360, 1.873047, 10.04, -1.19, -0.53, 9.39, -1.50, -1.49 , 1.28, 0.04, 0.16 
8366, 1.873047, 10.04, -1.17, -0.51, 9.40, -1.38, -1.50 , 1.28, 0.10, 0.40 
8373, 1.873047, 10.05, -1.16, -0.54, 9.36, -1.45, -1.55 , 1.28, 0.04, 0.16 
8380, 1.873047, 10.01, -1.07, -0.56, 9.40, -1.46, -1.43 , 1.28, 0.08, 0.30 
8386, 1.873047, 10.07, -1.27, -0.51, 9.33, -1.23, -1.54 , 1.28, 0.07, 0.26 
8393, 1.873047, 10.08, -1.21, -0.45, 9.41, -1.41, -1.51 , 1.28, 0.04, 0.16 
8399, 1.873047, 10.06, -1.16, -0.50, 9.37, -1.41, -1.51 , 1.28, 0.07, 0.26 
8406, 1.873047, 9.99, -1.36, -0.38, 9.36, -1.41, -1.39 , 1.28, 0.11, 0.45 
8412, 1.873047, 9.99, -1.22, -0.45, 9.35, -1.58, -1.44 , 1.28, 0.08, 0.30 
8419, 1.873047, 9.91, -1.17, -0.48, 9.36, -1.72, -1.45 , 1.28, 0.07, 0.26 
8425, 1.873047, 9.95, -1.14, -0.41, 9.21, -0.97, -1.51 , 1.28, 0.08, 0.30 
8432, 1.873047, 9.90, -1.21, -0.27, 9.24, -1.60, -1.41 , 1.28, 0.07, 0.26 
8438, 1.873047, 9.89, -1.24, -0.27, 9.23, -1.61, -1.47 , 1.28, 0.07, 0.26 
8445, 1.873047, 9.90, -1.26, -0.30, 9.23, -1.52, -1.46 , 1.28, 0.04, 0.16 
8451, 1.873047, 9.91, -1.23, -0.32, 9.24, -1.62, -1.45 , 1.28, 0.04, 0.16 
8458, 1.873047, 9.94, -1.27, -0.38, 9.29, -1.55, -1.46 , 1.28, 0.05, 0.21 
8464, 1.873047, 9.93, -1.22, -0.42, 9.26, -1.63, -1.47 , 1.28, 0.05, 0.21 
8471, 1.873047, 9.95, -1.16, -0.41, 9.37, -1.60, -1.52 , 1.28, 0.09, 0.35 
8477, 1.873047, 10.06, -1.22, -0.37, 9.29, -1.62, -1.51 , 1.28, 0.08, 0.30 
8484, 1.873047, 10.04, -1.11, -0.39, 9.33, -1.68, -1.39 , 1.28, 0.08, 0.30 
8490, 1.873047, 9.94, -1.25, -0.29, 9.39, -1.58, -1.52 , 1.28, 0.05, 0.21 
8497, 1.873047, 10.01, -1.26, -0.39, 9.32, -1.68, -1.47 , 1.28, 0.08, 0.30 
8503, 1.873047, 10.00, -1.30, -0.33, 9.32, -1.60, -1.50 , 1.28, 0.07, 0.26 
8510, 1.873047, 9.96, -1.30, -0.48, 9.35, -1.78, -1.50 , 1.28, 0.07, 0.26 
8516, 1.873047, 10.03, -1.24, -0.40, 9.28, -1.56, -1.49 , 1.28, 0.07, 0.26 
8523, 1.873047, 10.03, -1.27, -0.45, 9.29, -1.61, -1.45 , 1.28, 0.05, 0.21 
8530, 1.873047, 9.93, -1.22, -0.53, 9.29, -1.61, -1.41 , 1.28, 0.04, 0.16 
8536, 1.873047, 9.94, -1.22, -0.51, 9.34, -1.57, -1.53 , 1.28, 0.08, 0.30 
8543, 1.873047, 9.96, -1.19, -0.49, 9.32, -1.59, -1.52 , 1.28, 0.07, 0.26 
8549, 1.873047, 9.98, -1.03, -0.51, 9.39, -1.73, -1.51 , 1.28, 0.07, 0.26 
8556, 1.873047, 10.00, -1.06, -0.48, 9.36, -1.53, -1.48 , 1.28, 0.05, 0.21 
8562, 1.873047, 9.98, -1.04, -0.51, 9.35, -1.54, -1.47 , 1.28, 0.07, 0.26 
8569, 1.873047, 9.95, -1.04, -0.48, 9.32, -1.50, -1.62 , 1.28, 0.04, 0.16 
8575, 1.873047, 10.01, -0.96, -0.49, 9.29, -1.49, -1.53 , 1.28, 0.09, 0.35 
8582, 1.873047, 9.96, -1.04, -0.42, 9.27, -1.35, -1.49 , 1.28, 0.04, 0.16 
8588, 1.873047, 9.94, -0.90, -0.45, 9.40, -1.49, -1.50 , 1.28, 0.07, 0.26 
8595, 1.873047, 9.97, -1.00, -0.46, 9.25, -1.19, -1.47 , 1.28, 0.08, 0.30 
8601, 1.873047, 10.01, -0.93, -0.44, 9.40, -1.56, -1.46 , 1.28, 0.07, 0.26 
8608, 1.873047, 9.98, -0.90, -0.43, 9.33, -1.53, -1.49 , 1.28, 0.07, 0.26 
8614, 1.873047, 10.07, -1.07, -0.39, 9.38, -1.38, -1.43 , 1.28, 0.07, 0.26 
8621, 1.873047, 10.08, -0.99, -0.40, 9.43, -1.34, -1.52 , 1.28, 0.09, 0.35 
8627, 1.873047, 10.09, -1.01, -0.48, 9.51, -1.41, -1.36 , 1.28, 0.08, 0.30 
8634, 1.873047, 10.10, -0.98, -0.47, 9.45, -1.52, -1.38 , 1.28, 0.07, 0.26 
8640, 1.873047, 10.10, -1.06, -0.40, 9.43, -1.40, -1.46 , 1.28, 0.08, 0.30 
8647, 1.873047, 10.02, -1.14, -0.34, 9.40, -1.43, -1.40 , 1.28, 0.08, 0.30 
8653, 1.873047, 10.04, -1.03, -0.42, 9.43, -1.50, -1.48 , 1.28, 0.07, 0.26 
8660, 1.873047, 10.07, -1.04, -0.39, 9.41, -1.42, -1.42 , 1.28, 0.08, 0.30 
8666, 1.873047, 10.05, -1.15, -0.44, 9.38, -1.48, -1.51 , 1.28, 0.07, 0.26 
8673, 1.873047, 10.04, -1.13, -0.37, 9.36, -1.49, -1.47 , 1.28, 0.07, 0.26 
8679, 1.873047, 10.01, -1.13, -0.31, 9.38, -1.50, -1.51 , 1.28, 0.07, 0.26 
8686, 1.873047, 9.98, -1.10, -0.36, 9.33, -1.51, -1.48 , 1.28, 0.08, 0.30 
8693, 1.873047, 9.91, -1.11, -0.40, 9.27, -1.53, -1.52 , 1.28, 0.05, 0.21 
8699, 1.873047, 9.91, -1.15, -0.37, 9.28, -1.54, -1.50 , 1.28, 0.08, 0.30 
8706, 1.873047, 9.87, -1.19, -0.35, 9.22, -1.51, -1.48 , 1.28, 0.05, 0.21 
8712, 1.873047, 9.99, -1.04, -0.37, 9.25, -1.60, -1.46 , 1.28, 0.07, 0.26 
8719, 1.873047, 9.90, -1.14, -0.39, 9.22, -1.56, -1.47 , 1.28, 0.05, 0.21 
8725, 1.873047, 9.96, -1.10, -0.47, 9.31, -1.64, -1.48 , 1.28, 0.05, 0.21 
8732, 1.873047, 10.04, -1.17, -0.39, 9.29, -1.58, -1.40 , 1.28, 0.05, 0.21 
8738, 1.873047, 9.99, -1.21, -0.45, 9.29, -1.72, -1.48 , 1.28, 0.07, 0.26 
8745, 1.873047, 9.99, -1.22, -0.47, 9.33, -1.68, -1.48 , 1.28, 0.07, 0.26 
8751, 1.873047, 10.01, -1.20, -0.47, 9.34, -1.73, -1.45 , 1.28, 0.05, 0.21 
8758, 1.873047, 10.03, -1.22, -0.44, 9.33, -1.67, -1.51 , 1.28, 0.04, 0.16 
8764, 1.873047, 10.02, -1.26, -0.47, 9.26, -1.64, -1.50 , 1.28, 0.07, 0.26 
8771, 1.873047, 9.90, -1.26, -0.43, 9.24, -1.70, -1.59 , 1.28, 0.07, 0.26 
8777, 1.873047, 9.96, -1.26, -0.43, 9.23, -1.64, -1.52 , 1.28, 0.07, 0.26 
8784, 1.873047, 9.90, -1.24, -0.48, 9.25, -1.59, -1.56 , 1.28, 0.04, 0.16 
8790, 1.873047, 9.89, -1.28, -0.46, 9.24, -1.61, -1.52 , 1.28, 0.08, 0.30 
8797, 1.873047, 9.90, -1.27, -0.47, 9.20, -1.52, -1.48 , 1.28, 0.09, 0.35 
8803, 1.873047, 9.89, -1.24, -0.41, 9.20, -1.71, -1.55 , 1.28, 0.09, 0.35 
8810, 1.873047, 9.88, -1.18, -0.53, 9.27, -1.64, -1.52 , 1.28, 0.07, 0.26 
8816, 1.873047, 9.93, -1.24, -0.50, 9.33, -1.64, -1.49 , 1.28, 0.05, 0.21 
8823, 1.873047, 9.95, -1.29, -0.46, 9.30, -1.45, -1.53 , 1.28, 0.10, 0.40 
8829, 1.873047, 9.99, -1.31, -0.43, 9.36, -1.65, -1.55 , 1.28, 0.08, 0.30 
8836, 1.873047, 9.99, -1.10, -0.52, 9.41, -1.88, -1.47 , 1.28, 0.07, 0.26 
8842, 1.873047, 10.05, -1.27, -0.47, 9.41, -1.59, -1.60 , 1.28, 0.09, 0.35 
8849, 1.873047, 10.06, -1.31, -0.47, 9.41, -1.64, -1.47 , 1.28, 0.08, 0.30 
8855, 1.873047, 10.02, -1.16, -0.56, 9.42, -1.64, -1.48 , 1.28, 0.08, 0.30 
8862, 1.873047, 10.09, -1.22, -0.48, 9.39, -1.60, -1.52 , 1.28, 0.04, 0.16 
8869, 1.873047, 10.00, -1.26, -0.47, 9.43, -1.61, -1.47 , 1.28, 0.08, 0.30 
8875, 1.873047, 10.00, -1.27, -0.47, 9.28, -1.48, -1.48 , 1.28, 0.07, 0.26 
8882, 1.873047, 10.01, -1.13, -0.51, 9.29, -1.66, -1.53 , 1.28, 0.05, 0.21 
8888, 1.873047, 9.99, -1.25, -0.54, 9.33, -1.44, -1.47 , 1.28, 0.09, 0.35 
8895, 1.873047, 9.99, -1.23, -0.49, 9.27, -1.58, -1.48 , 1.28, 0.08, 0.30 
8901, 1.873047, 9.92, -1.09, -0.51, 9.31, -1.71, -1.53 , 1.28, 0.07, 0.26 
8908, 1.873047, 9.92, -1.21, -0.45, 9.34, -1.55, -1.56 , 1.28, 0.11, 0.45 
8914, 1.873047, 9.96, -1.23, -0.46, 9.35, -1.56, -1.53 , 1.28, 0.04, 0.16 
8921, 1.873047, 9.92, -1.05, -0.49, 9.46, -1.79, -1.48 , 1.28, 0.07, 0.26 
8927, 1.873047, 10.05, -1.27, -0.55, 9.24, -0.89, -1.58 , 1.28, 0.04, 0.16 
8934, 1.873047, 10.06, -1.12, -0.51, 9.38, -1.63, -1.60 , 1.28, 0.07, 0.26 
8940, 1.873047, 10.12, -1.22, -0.52, 9.40, -1.49, -1.50 , 1.28, 0.05, 0.21 
8947, 1.873047, 10.03, -1.15, -0.55, 9.34, -1.61, -1.57 , 1.28, 0.07, 0.26 
8953, 1.873047, 10.08, -1.18, -0.54, 9.35, -1.58, -1.58 , 1.28, 0.04, 0.16 
8960, 1.873047, 10.04, -1.11, -0.51, 9.39, -1.69, -1.57 , 1.28, 0.04, 0.16 
8966, 1.873047, 9.92, -1.16, -0.46, 9.33, -1.59, -1.63 , 1.28, 0.07, 0.26 
8973, 1.873047, 10.04, -1.18, -0.63, 9.32, -1.68, -1.66 , 1.28, 0.07, 0.26 
8979, 1.873047, 9.89, -1.10, -0.59, 9.30, -1.73, -1.59 , 1.28, 0.05, 0.21 
8986, 1.873047, 9.92, -1.16, -0.45, 9.19, -1.61, -1.54 , 1.28, 0.04, 0.16 
8992, 1.873047, 9.94, -1.24, -0.49, 9.26, -1.63, -1.59 , 1.28, 0.07, 0.26 
8999, 1.873047, 9.90, -1.25, -0.64, 9.25, -1.56, -1.55 , 1.28, 0.07, 0.26 
9005, 1.873047, 9.88, -1.22, -0.66, 9.27, -1.75, -1.55 , 1.28, 0.08, 0.30 
9012, 1.873047, 9.93, -1.22, -0.59, 9.20, -1.69, -1.63 , 1.28, 0.07, 0.26 
9018, 1.873047, 9.94, -1.30, -0.59, 9.27, -1.65, -1.55 , 1.28, 0.05, 0.21 
9025, 1.873047, 9.92, -1.37, -0.58, 9.25, -1.54, -1.61 , 1.28, 0.08, 0.30 
9031, 1.873047, 9.98, -1.36, -0.51, 9.29, -1.51, -1.57 , 1.28, 0.08, 0.30 
9038, 1.873047, 9.99, -1.31, -0.57, 9.37, -1.64, -1.52 , 1.28, 0.07, 0.26 
9044, 1.873047, 10.01, -1.22, -0.62, 9.32, -1.56, -1.62 , 1.28, 0.07, 0.26 
9051, 1.873047, 10.05, -1.24, -0.59, 9.38, -1.64, -1.62 , 1.28, 0.05, 0.21 
9058, 1.873047, 10.07, -1.20, -0.50, 9.37, -1.76, -1.46 , 1.28, 0.07, 0.26 
9064, 1.873047, 10.00, -1.28, -0.58, 9.39, -1.74, -1.47 , 1.28, 0.04, 0.16 
9071, 1.873047, 10.04, -1.24, -0.40, 9.33, -1.78, -1.53 , 1.28, 0.04, 0.16 
9077, 1.873047, 10.03, -1.30, -0.43, 9.28, -1.82, -1.46 , 1.28, 0.04, 0.16 
9084, 1.873047, 10.09, -1.29, -0.53, 9.37, -1.77, -1.43 , 1.28, 0.07, 0.26 
9090, 1.873047, 10.02, -1.36, -0.47, 9.31, -1.76, -1.61 , 1.28, 0.04, 0.16 
9097, 1.873047, 9.99, -1.26, -0.56, 9.28, -1.81, -1.60 , 1.28, 0.05, 0.21 
9103, 1.873047, 10.01, -1.39, -0.43, 9.26, -1.70, -1.52 , 1.28, 0.05, 0.21 
9110, 1.873047, 9.95, -1.34, -0.57, 9.21, -1.80, -1.59 , 1.28, 0.04, 0.16 
9116, 1.873047, 9.91, -1.35, -0.57, 9.29, -1.79, -1.55 , 1.28, 0.05, 0.21 
9123, 1.873047, 9.91, -1.36, -0.42, 9.22, -1.81, -1.56 , 1.28, 0.07, 0.26 
9129, 1.873047, 9.99, -1.37, -0.46, 9.29, -1.87, -1.54 , 1.28, 0.04, 0.16 
9136, 1.873047, 10.00, -1.28, -0.51, 9.30, -1.72, -1.62 , 1.28, 0.04, 0.16 
9142, 1.873047, 9.96, -1.38, -0.51, 9.27, -1.70, -1.54 , 1.28, 0.08, 0.30 
9149, 1.873047, 9.94, -1.34, -0.48, 9.30, -1.78, -1.58 , 1.28, 0.04, 0.16 
9155, 1.873047, 10.07, -1.23, -0.55, 9.26, -1.83, -1.54 , 1.28, 0.04, 0.16 
9162, 1.873047, 9.99, -1.34, -0.51, 9.26, -1.69, -1.60 , 1.28, 0.04, 0.16 
9168, 1.873047, 9.95, -1.24, -0.60, 9.38, -1.64, -1.60 , 1.28, 0.04, 0.16 
9175, 1.873047, 9.97, -1.13, -0.53, 9.37, -1.74, -1.53 , 1.28, 0.04, 0.16 
9181, 1.873047, 10.02, -1.16, -0.50, 9.39, -1.80, -1.55 , 1.28, 0.07, 0.26 
9188, 1.873047, 10.02, -1.16, -0.56, 9.33, -1.75, -1.55 , 1.28, 0.04, 0.16 
9195, 1.8
