630, 3.542969, 9.94, -0.49, -0.63, 9.24, -1.49, -1.72 , 1.28, 0.04, 0.16 
637, 3.455078, 9.99, -0.55, -0.40, 9.25, -1.44, -1.78 , 1.28, 0.04, 0.16 
643, 3.455078, 9.93, -0.62, -0.45, 9.28, -1.34, -1.77 , 1.28, 0.04, 0.16 
650, 3.542969, 9.90, -0.77, -0.44, 9.19, -1.36, -1.70 , 1.28, 0.04, 0.16 
657, 3.455078, 9.90, -0.84, -0.34, 9.31, -1.35, -1.67 , 1.28, 0.05, 0.21 
663, 3.455078, 9.87, -0.82, -0.49, 9.22, -1.39, -1.77 , 1.28, 0.04, 0.16 
670, 3.455078, 9.99, -0.87, -0.51, 9.30, -1.38, -1.76 , 1.28, 0.03, 0.11 
676, 3.455078, 9.99, -0.77, -0.41, 9.24, -1.37, -1.82 , 1.28, 0.05, 0.21 
683, 3.542969, 10.00, -0.84, -0.44, 9.23, -1.28, -1.80 , 1.28, 0.04, 0.16 
689, 3.455078, 9.94, -0.75, -0.62, 9.31, -1.45, -1.94 , 1.28, 0.04, 0.16 
696, 3.455078, 10.00, -0.73, -0.52, 9.28, -1.52, -1.81 , 1.28, 0.04, 0.16 
702, 3.542969, 10.03, -0.75, -0.63, 9.37, -1.54, -1.94 , 1.28, 0.05, 0.21 
709, 3.455078, 10.08, -0.76, -0.65, 9.30, -1.57, -1.89 , 1.28, 0.04, 0.16 
715, 3.455078, 10.00, -0.66, -0.71, 9.39, -1.65, -1.88 , 1.28, 0.04, 0.16 
722, 3.455078, 10.06, -0.62, -0.56, 9.37, -1.56, -1.94 , 1.28, 0.04, 0.16 
728, 3.455078, 10.07, -0.71, -0.81, 9.33, -1.65, -1.91 , 1.28, 0.04, 0.16 
735, 3.455078, 10.08, -0.69, -0.72, 9.34, -1.67, -1.98 , 1.27, -0.01, -0.03 
741, 3.455078, 10.08, -0.70, -0.70, 9.36, -1.64, -1.93 , 1.28, 0.05, 0.21 
748, 3.455078, 10.04, -0.76, -0.81, 9.05, -1.29, -1.98 , 1.28, 0.04, 0.16 
755, 3.542969, 9.90, -0.48, -0.84, 9.23, -1.78, -2.09 , 1.28, 0.04, 0.16 
761, 3.455078, 9.92, -0.62, -0.73, 9.07, -1.61, -1.88 , 1.28, 0.04, 0.16 
768, 3.455078, 9.83, -0.63, -0.77, 9.16, -1.50, -1.97 , 1.28, 0.07, 0.26 
774, 3.455078, 9.88, -0.60, -0.88, 9.14, -1.56, -1.92 , 1.28, 0.04, 0.16 
781, 3.455078, 9.86, -0.51, -0.87, 9.18, -1.72, -2.05 , 1.28, 0.07, 0.26 
787, 3.542969, 9.89, -0.67, -0.75, 9.09, -1.47, -1.97 , 1.28, 0.04, 0.16 
794, 3.455078, 9.82, -0.48, -0.81, 9.14, -1.64, -1.99 , 1.28, 0.04, 0.16 
800, 3.455078, 9.94, -0.55, -0.76, 9.06, -1.53, -1.86 , 1.28, 0.04, 0.16 
807, 3.542969, 9.81, -0.57, -0.68, 9.19, -1.71, -1.95 , 1.28, 0.05, 0.21 
813, 3.542969, 9.83, -0.58, -0.66, 9.14, -1.66, -1.95 , 1.28, 0.04, 0.16 
820, 3.455078, 9.86, -0.52, -0.86, 9.11, -1.74, -2.06 , 1.28, 0.04, 0.16 
826, 3.455078, 9.95, -0.58, -0.78, 9.10, -1.62, -1.93 , 1.28, 0.04, 0.16 
833, 3.542969, 9.86, -0.64, -0.79, 9.17, -1.53, -1.92 , 1.28, 0.04, 0.16 
839, 3.455078, 9.98, -0.61, -0.82, 9.19, -1.48, -2.01 , 1.28, 0.05, 0.21 
846, 3.455078, 10.00, -0.56, -0.85, 9.27, -1.50, -2.06 , 1.28, 0.04, 0.16 
852, 3.455078, 9.97, -0.57, -0.91, 9.26, -1.43, -2.04 , 1.28, 0.05, 0.21 
859, 3.455078, 9.97, -0.60, -0.85, 9.22, -1.32, -2.16 , 1.28, 0.04, 0.16 
865, 3.455078, 10.01, -0.60, -0.86, 9.28, -1.45, -2.14 , 1.28, 0.04, 0.16 
872, 3.455078, 9.94, -0.69, -0.91, 9.20, -1.70, -2.12 , 1.28, 0.04, 0.16 
879, 3.542969, 9.87, -0.80, -0.85, 9.17, -2.15, -2.17 , 1.28, 0.10, 0.40 
885, 3.455078, 9.91, -0.93, -1.00, 9.11, -2.35, -1.98 , 1.28, 0.04, 0.16 
892, 3.542969, 9.96, -0.74, -1.19, 9.15, -2.16, -1.88 , 1.28, 0.04, 0.16 
898, 3.542969, 9.73, -0.69, -0.85, 9.17, -1.11, -1.95 , 1.28, 0.04, 0.16 
905, 3.542969, 9.86, -0.46, -0.76, 9.10, -0.80, -1.54 , 1.28, 0.03, 0.11 
911, 3.542969, 9.83, -0.23, -0.73, 9.12, -0.39, -1.49 , 1.28, 0.04, 0.16 
918, 3.542969, 9.82, -0.30, -0.71, 9.19, -0.23, -1.46 , 1.28, 0.04, 0.16 
924, 3.542969, 9.86, -0.27, -0.72, 9.18, -0.75, -1.34 , 1.28, 0.05, 0.21 
931, 3.542969, 9.95, -0.62, -0.71, 9.20, -1.46, -1.02 , 1.28, 0.04, 0.16 
937, 3.542969, 10.01, -0.83, -0.72, 9.33, -1.64, -1.24 , 1.28, 0.04, 0.16 
944, 3.542969, 10.03, -1.02, -0.83, 9.26, -1.54, -1.72 , 1.28, 0.05, 0.21 
950, 3.542969, 10.03, -1.05, -1.01, 9.18, -1.47, -2.11 , 1.28, 0.04, 0.16 
957, 3.542969, 9.93, -1.16, -0.89, 9.10, -1.43, -2.21 , 1.28, 0.05, 0.21 
963, 3.542969, 9.81, -1.19, -0.86, 9.14, -0.78, -1.92 , 1.28, 0.05, 0.21 
970, 3.542969, 9.77, -0.89, -0.69, 8.99, -0.80, -2.07 , 1.28, 0.05, 0.21 
976, 3.542969, 9.75, -0.72, -0.72, 8.96, -0.76, -2.52 , 1.28, 0.07, 0.26 
983, 3.542969, 9.69, -0.64, -0.82, 8.81, -1.78, -2.59 , 1.28, 0.05, 0.21 
989, 3.542969, 9.64, -0.57, -0.96, 8.83, -2.26, -2.50 , 1.28, 0.08, 0.30 
996, 3.542969, 9.61, -0.62, -1.13, 8.65, -2.50, -2.80 , 1.28, 0.10, 0.40 
1002, 3.630859, 9.66, -0.54, -1.51, 8.71, -2.96, -2.84 , 1.28, 0.09, 0.35 
1009, 3.630859, 10.27, -0.84, -2.51, 8.78, -3.29, -3.08 , 1.28, 0.09, 0.35 
1015, 3.630859, 9.67, -0.82, -1.93, 8.51, -2.89, -3.32 , 1.28, 0.10, 0.40 
1022, 3.718750, 9.62, -0.66, -1.70, 8.92, -2.65, -2.80 , 1.28, 0.08, 0.30 
1028, 3.806641, 10.01, -0.72, -2.07, 9.17, -2.37, -2.82 , 1.28, 0.11, 0.45 
1035, 3.806641, 10.07, -0.53, -1.86, 9.07, -2.05, -3.21 , 1.28, 0.11, 0.45 
1041, 3.806641, 10.24, -0.80, -1.78, 9.20, -2.79, -3.38 , 1.28, 0.11, 0.45 
1048, 3.894531, 10.30, -0.99, -1.77, 9.29, -3.34, -3.40 , 1.28, 0.08, 0.30 
1055, 3.982422, 10.37, -1.30, -1.88, 9.33, -3.44, -3.46 , 1.28, 0.10, 0.40 
1061, 3.982422, 10.38, -1.26, -1.88, 9.26, -2.53, -3.38 , 1.28, 0.05, 0.21 
1068, 3.982422, 10.49, -0.66, -1.84, 9.24, -2.25, -3.11 , 1.28, 0.04, 0.16 
1074, 3.982422, 10.15, -0.60, -1.78, 9.11, -1.20, -3.03 , 1.28, 0.07, 0.26 
1081, 4.070312, 10.26, -0.37, -1.66, 9.13, -2.10, -2.82 , 1.28, 0.10, 0.40 
1087, 4.070312, 10.08, -1.04, -1.52, 8.92, -3.51, -3.05 , 1.28, 0.11, 0.45 
1094, 4.070312, 9.99, -0.82, -1.56, 9.07, -2.89, -2.74 , 1.28, 0.05, 0.21 
1100, 4.070312, 9.99, -0.06, -1.44, 9.09, -2.78, -2.69 , 1.28, 0.05, 0.21 
1107, 4.070312, 9.89, -0.55, -1.46, 9.06, -1.61, -2.83 , 1.28, 0.05, 0.21 
1114, 4.070312, 9.97, -0.30, -1.44, 9.16, -2.25, -2.95 , 1.28, 0.08, 0.30 
1120, 4.070312, 10.05, -0.59, -1.34, 9.10, -2.01, -3.23 , 1.28, 0.07, 0.26 
1127, 4.070312, 9.98, -0.51, -1.35, 9.15, -1.94, -3.11 , 1.29, 0.22, 0.85 
1133, 4.070312, 10.07, -0.69, -1.47, 9.21, -1.99, -3.05 , 1.28, 0.03, 0.11 
1140, 4.158203, 10.35, -0.62, -1.13, 9.02, -5.16, -2.72 , 1.28, 0.05, 0.21 
1146, 4.246094, 9.72, -2.35, -1.41, 9.11, 0.30, -3.52 , 1.28, 0.03, 0.11 
1153, 4.246094, 10.36, 0.71, -1.56, 9.23, -4.00, -2.88 , 1.28, 0.13, 0.50 
1159, 4.246094, 10.08, -1.07, -1.99, 8.97, -2.67, -2.83 , 1.28, 0.04, 0.16 
1166, 4.246094, 10.06, -0.57, -2.13, 8.90, -2.28, -2.95 , 1.27, -0.02, -0.08 
1172, 4.246094, 9.67, -0.92, -2.01, 8.99, -2.21, -3.16 , 1.28, 0.04, 0.16 
1179, 4.246094, 9.79, -0.25, -1.89, 8.57, -2.00, -3.02 , 1.28, 0.04, 0.16 
1185, 4.246094, 9.45, -0.52, -1.89, 8.67, -3.25, -3.05 , 1.28, 0.04, 0.16 
1192, 4.246094, 9.51, -0.19, -1.86, 8.62, -1.25, -3.39 , 1.28, 0.04, 0.16 
1198, 4.246094, 9.43, 0.15, -1.84, 8.58, -1.27, -3.36 , 1.28, 0.05, 0.21 
1205, 4.246094, 9.42, 0.33, -1.85, 8.63, -1.50, -3.42 , 1.28, 0.04, 0.16 
1212, 4.246094, 9.48, 0.64, -1.92, 8.72, -1.83, -3.09 , 1.28, 0.04, 0.16 
1218, 4.246094, 9.52, 0.88, -1.91, 8.76, -1.67, -2.96 , 1.28, 0.04, 0.16 
1225, 4.246094, 9.54, 0.81, -2.04, 8.84, -1.59, -2.91 , 1.28, 0.04, 0.16 
1231, 4.246094, 9.63, 0.81, -1.98, 8.87, -1.47, -2.96 , 1.28, 0.04, 0.16 
1238, 4.246094, 9.65, 0.79, -2.06, 8.86, -1.59, -2.84 , 1.28, 0.04, 0.16 
1244, 4.246094, 9.56, 0.61, -1.72, 8.77, -1.59, -2.72 , 1.28, 0.04, 0.16 
1251, 4.246094, 9.50, 0.54, -1.40, 8.78, -1.76, -2.63 , 1.28, 0.04, 0.16 
1257, 4.246094, 9.45, 0.44, -1.30, 8.80, -1.92, -2.55 , 1.28, 0.04, 0.16 
1264, 4.246094, 9.53, 0.30, -1.12, 8.94, -2.16, -2.52 , 1.28, 0.04, 0.16 
1270, 4.246094, 9.63, 0.09, -1.29, 8.97, -2.14, -2.28 , 1.28, 0.04, 0.16 
1277, 4.246094, 9.68, 0.20, -1.23, 9.00, -1.44, -2.38 , 1.28, 0.04, 0.16 
1283, 4.246094, 10.01, 0.76, -0.85, 8.78, -2.41, -2.97 , 1.28, 0.04, 0.16 
1290, 4.246094, 9.68, -0.72, -1.20, 8.96, -2.59, -2.51 , 1.28, 0.05, 0.21 
1296, 4.246094, 9.85, -0.74, -1.26, 9.14, -2.82, -2.36 , 1.28, 0.04, 0.16 
1303, 4.246094, 9.91, -0.69, -1.20, 9.02, -3.60, -2.45 , 1.28, 0.04, 0.16 
1309, 4.246094, 9.89, -0.96, -1.27, 9.21, -3.47, -2.44 , 1.28, 0.05, 0.21 
1316, 4.246094, 9.96, -1.03, -1.29, 9.12, -3.59, -2.39 , 1.28, 0.04, 0.16 
1322, 4.246094, 9.92, -1.21, -1.22, 9.03, -3.75, -2.56 , 1.28, 0.04, 0.16 
1329, 4.246094, 9.87, -1.36, -1.36, 9.07, -3.60, -2.70 , 1.28, 0.04, 0.16 
1335, 4.246094, 9.85, -1.43, -1.37, 8.98, -3.43, -2.89 , 1.28, 0.04, 0.16 
1342, 4.246094, 9.79, -1.68, -1.25, 8.92, -3.32, -3.06 , 1.28, 0.05, 0.21 
1348, 4.246094, 9.59, -1.88, -1.24, 8.77, -3.33, -2.97 , 1.28, 0.04, 0.16 
1355, 4.246094, 9.53, -2.02, -1.28, 8.67, -3.18, -2.97 , 1.28, 0.05, 0.21 
1361, 4.246094, 9.38, -2.04, -1.35, 8.57, -3.24, -3.02 , 1.28, 0.04, 0.16 
1368, 4.246094, 9.35, -1.89, -1.42, 8.55, -3.45, -3.05 , 1.28, 0.04, 0.16 
1374, 4.246094, 9.33, -1.75, -1.57, 8.53, -3.26, -3.09 , 1.28, 0.04, 0.16 
1381, 4.246094, 9.42, -1.58, -1.65, 8.70, -3.19, -3.11 , 1.28, 0.04, 0.16 
1388, 4.246094, 9.60, -1.45, -1.71, 8.67, -3.21, -2.71 , 1.28, 0.04, 0.16 
1394, 4.246094, 9.37, -1.26, -1.97, 8.71, -3.24, -3.09 , 1.28, 0.04, 0.16 
1401, 4.246094, 9.58, -1.04, -2.24, 8.83, -3.47, -3.13 , 1.28, 0.04, 0.16 
1407, 4.246094, 9.67, -0.76, -2.22, 8.86, -3.57, -3.02 , 1.28, 0.04, 0.16 
1414, 4.246094, 9.64, -0.73, -2.12, 9.07, -3.57, -2.77 , 1.28, 0.04, 0.16 
1420, 4.246094, 9.79, -0.63, -2.11, 9.22, -3.45, -2.85 , 1.28, 0.04, 0.16 
1427, 4.246094, 10.03, -0.69, -2.10, 9.42, -3.11, -2.83 , 1.28, 0.04, 0.16 
1433, 4.246094, 9.95, -0.83, -2.19, 9.27, -2.87, -3.22 , 1.28, 0.04, 0.16 
1440, 4.246094, 10.14, -0.92, -2.19, 9.55, -2.60, -3.17 , 1.28, 0.04, 0.16 
1446, 4.246094, 10.19, -0.82, -2.04, 9.58, -2.67, -3.22 , 1.28, 0.04, 0.16 
1453, 4.246094, 10.12, -0.76, -2.10, 9.56, -2.84, -3.12 , 1.28, 0.07, 0.26 
1459, 4.246094, 10.21, -0.65, -2.26, 9.68, -3.01, -2.95 , 1.28, 0.05, 0.21 
1466, 4.246094, 10.22, -0.51, -2.61, 9.80, -3.19, -2.97 , 1.28, 0.05, 0.21 
1472, 4.246094, 10.36, -0.62, -2.73, 9.85, -3.74, -2.90 , 1.28, 0.05, 0.21 
1479, 4.246094, 10.52, -0.91, -3.00, 10.20, -3.39, -3.18 , 1.28, 0.05, 0.21 
1485, 4.246094, 10.79, -0.50, -3.07, 10.49, -2.94, -3.07 , 1.28, 0.08, 0.30 
1492, 4.246094, 11.14, -0.30, -2.99, 10.80, -2.52, -3.22 , 1.28, 0.07, 0.26 
1498, 4.246094, 11.53, -0.11, -3.08, 11.11, -2.50, -3.24 , 1.28, 0.08, 0.30 
1505, 4.246094, 11.90, -0.32, -3.10, 11.48, -2.64, -3.53 , 1.28, 0.11, 0.45 
1511, 4.246094, 12.14, -0.51, -3.03, 11.65, -3.01, -3.45 , 1.28, 0.11, 0.45 
1518, 4.246094, 12.15, -0.82, -2.72, 11.69, -3.88, -3.38 , 1.28, 0.13, 0.50 
1525, 4.333984, 12.07, -1.51, -2.46, 11.71, -3.28, -3.45 , 1.28, 0.10, 0.40 
1531, 4.421875, 12.02, -1.29, -2.30, 11.82, -3.73, -3.24 , 1.28, 0.15, 0.60 
1538, 4.509766, 11.91, -1.47, -1.97, 12.03, -2.62, -3.20 , 1.28, 0.13, 0.50 
1544, 4.597656, 12.28, -1.03, -2.23, 12.04, -2.97, -2.66 , 1.28, 0.15, 0.60 
1551, 4.773438, 12.03, -1.63, -2.29, 12.13, -2.16, -2.92 , 1.28, 0.15, 0.60 
1557, 4.861328, 12.25, -0.72, -2.32, 12.15, -2.04, -2.45 , 1.28, 0.13, 0.50 
1564, 5.125000, 12.28, -1.25, -2.26, 12.30, -2.60, -2.59 , 1.28, 0.10, 0.40 
1570, 5.300781, 12.35, -1.09, -2.10, 12.34, -1.50, -2.30 , 1.28, 0.17, 0.65 
1577, 5.476562, 12.47, -0.42, -2.18, 12.49, -1.19, -1.99 , 1.28, 0.13, 0.50 
1583, 5.740234, 12.61, -0.67, -2.18, 12.36, -1.76, -1.84 , 1.28, 0.15, 0.60 
1590, 6.003906, 12.39, -1.42, -1.96, 12.73, -1.43, -1.79 , 1.28, 0.13, 0.50 
1596, 6.267578, 12.75, -1.30, -1.71, 12.45, -2.00, -0.97 , 1.28, 0.17, 0.65 
1603, 6.619141, 12.11, -0.82, -1.66, 12.74, -0.74, -1.11 , 1.28, 0.13, 0.50 
1610, 6.970703, 12.18, -0.98, -1.74, 12.33, 0.22, -0.50 , 1.28, 0.10, 0.40 
1616, 7.234375, 11.85, -1.02, -1.39, 12.32, 0.76, -1.02 , 1.29, 0.18, 0.70 
1623, 7.585938, 11.64, -0.85, -1.18, 12.03, 1.24, -1.04 , 1.29, 0.24, 0.95 
1629, 8.025391, 11.18, -0.13, -0.89, 11.74, 2.09, -1.62 , 1.29, 0.22, 0.85 
1636, 8.376953, 10.90, -0.82, -0.43, 11.54, 2.23, -2.35 , 1.29, 0.24, 0.95 
1642, 8.816406, 10.59, -1.41, 0.26, 11.93, -0.35, -2.83 , 1.29, 0.24, 0.95 
1649, 9.255859, 10.41, -1.07, 0.63, 11.47, -1.05, -3.34 , 1.29, 0.26, 1.00 
1655, 9.783203, 9.55, -0.75, 0.67, 11.80, -1.86, -4.40 , 1.29, 0.28, 1.11 
1662, 10.398438, 9.59, -1.37, 1.28, 11.55, -2.23, -4.63 , 1.29, 0.28, 1.11 
1668, 11.013672, 9.41, -1.03, 1.00, 12.30, -4.69, -4.82 , 1.29, 0.26, 1.00 
1675, 11.804688, 9.72, -2.04, 0.99, 12.64, -5.84, -5.71 , 1.30, 0.33, 1.31 
1682, 12.683594, 8.80, -2.54, 0.84, 13.04, -9.05, -5.73 , 1.30, 0.33, 1.31 
1688, 13.650391, 8.94, -1.61, 0.86, 12.22, -5.81, -4.71 , 1.30, 0.33, 1.31 
1695, 14.617188, 8.78, -2.10, 1.18, 13.48, -6.61, -4.59 , 1.29, 0.26, 1.00 
1701, 15.759766, 9.02, -1.58, 1.10, 15.58, -7.48, -3.42 , 1.30, 0.42, 1.63 
1708, 16.990234, 8.81, -0.84, 0.78, 13.33, 0.21, -3.01 , 1.30, 0.44, 1.74 
1714, 18.132812, 8.70, 0.22, 0.94, 12.23, 2.85, 0.09 , 1.30, 0.50, 1.96 
1721, 19.275391, 10.02, -0.02, 2.31, 11.61, 2.57, -1.23 , 1.31, 0.53, 2.07 
1727, 20.505859, 10.94, -0.40, 1.28, 10.35, -2.87, -2.56 , 1.31, 0.51, 2.02 
1734, 21.648438, 10.39, -0.83, 2.08, 10.49, -8.40, -3.45 , 1.31, 0.54, 2.13 
1740, 21.912109, 11.42, -1.34, 1.95, 9.67, -10.80, -3.61 , 1.31, 0.58, 2.30 
1747, 23.933594, 11.09, -1.95, 2.05, 8.99, -10.73, -3.12 , 1.31, 0.58, 2.30 
1754, 24.988281, 14.39, 0.06, 0.90, 8.20, -9.28, 0.88 , 1.31, 0.54, 2.13 
1760, 26.042969, 10.60, -2.97, 0.23, 6.70, -9.82, -1.11 , 1.31, 0.64, 2.52 
1767, 27.009766, 15.16, -2.77, -1.07, 4.59, -1.44, 0.34 , 1.31, 0.64, 2.52 
1773, 27.888672, 15.49, -1.14, -2.09, 7.39, -3.52, 0.51 , 1.31, 0.56, 2.18 
1780, 28.679688, 15.50, -1.35, -2.99, 5.07, -6.33, 0.96 , 1.31, 0.54, 2.13 
1786, 29.558594, 12.60, -2.63, -3.08, 7.41, -13.45, -2.26 , 1.30, 0.48, 1.90 
1793, 30.437500, 14.83, -7.05, -4.99, 3.78, -8.49, 2.91 , 1.30, 0.47, 1.85 
1799, 31.228516, 13.67, -7.07, -6.46, 5.62, -7.37, 0.40 , 1.30, 0.44, 1.74 
1806, 32.107422, 11.44, -8.69, -4.56, 5.73, -8.70, -0.35 , 1.30, 0.37, 1.47 
1812, 32.898438, 10.25, -6.80, -2.82, 3.27, -6.41, 1.22 , 1.29, 0.31, 1.21 
1819, 33.689453, 9.92, -6.32, -2.81, 2.27, -2.80, -0.05 , 1.29, 0.27, 1.05 
1825, 34.392578, 9.91, -4.04, -2.14, 0.83, 0.48, 0.72 , 1.29, 0.24, 0.95 
1832, 35.007812, 9.46, -1.67, -1.72, 1.23, -1.07, -0.22 , 1.29, 0.24, 0.95 
1839, 35.623047, 8.49, -1.59, -1.33, 2.10, -1.00, 2.00 , 1.29, 0.24, 0.95 
1845, 36.150391, 9.60, -1.01, -1.30, 1.08, 0.99, 1.56 , 1.29, 0.20, 0.80 
1852, 36.589844, 9.46, 0.62, -1.38, 2.09, -0.62, 1.67 , 1.28, 0.17, 0.65 
1858, 36.941406, 9.39, -0.39, -0.95, 1.46, 2.70, -0.08 , 1.28, 0.17, 0.65 
1865, 37.205078, 9.39, 0.85, -1.14, 1.63, 2.83, 0.49 , 1.28, 0.13, 0.50 
1871, 37.292969, 9.54, 1.49, -0.29, 2.52, 2.11, 1.34 , 1.29, 0.18, 0.70 
1878, 37.380859, 9.17, 1.24, 0.18, 3.54, -2.20, 1.60 , 1.29, 0.18, 0.70 
1884, 37.380859, 8.35, 0.03, -0.26, 3.81, -6.96, 1.53 , 1.28, 0.13, 0.50 
1891, 37.380859, 8.67, -1.29, -0.76, 3.92, -6.19, -0.11 , 1.28, 0.08, 0.30 
1897, 37.380859, 8.59, -0.56, -0.64, 2.99, -4.98, 0.45 , 1.28, 0.08, 0.30 
1904, 37.380859, 7.82, -0.04, -0.59, 3.23, -4.37, -0.00 , 1.28, 0.04, 0.16 
1910, 37.292969, 8.11, 0.30, -0.55, 3.63, -3.74, -0.06 , 1.28, 0.04, 0.16 
1917, 37.292969, 8.07, -1.94, -0.85, 3.35, -2.93, -0.37 , 1.28, 0.04, 0.16 
1923, 37.205078, 7.67, 0.70, -1.05, 2.76, -0.00, 0.51 , 1.27, 0.02, 0.06 
1930, 37.029297, 7.81, 0.29, -0.60, 4.44, -3.15, -0.06 , 1.27, -0.07, -0.26 
1936, 36.765625, 7.60, -1.08, -0.54, 4.76, -1.86, -0.56 , 1.26, -0.16, -0.63 
1943, 36.589844, 7.39, -1.23, -0.62, 5.16, -3.47, -0.29 , 1.25, -0.29, -1.15 
1950, 36.238281, 7.18, -1.16, -0.94, 4.74, -2.86, -1.28 , 1.25, -0.27, -1.07 
1956, 35.886719, 6.79, -0.74, 0.24, 4.47, 1.79, -0.27 , 1.26, -0.25, -0.98 
1963, 35.359375, 7.42, 1.65, -0.11, 4.29, 4.77, 0.06 , 1.26, -0.22, -0.85 
1969, 34.744141, 8.67, 3.17, 0.05, 7.44, 2.07, 1.12 , 1.26, -0.25, -0.98 
1976, 33.953125, 7.77, 1.78, -0.41, 5.78, -1.24, -1.63 , 1.24, -0.50, -1.97 
1982, 33.250000, 8.62, -0.44, -0.17, 7.67, -3.26, -0.91 , 1.24, -0.50, -1.97 
1989, 32.458984, 8.19, 2.36, -0.12, 10.05, -6.88, -2.41 , 1.24, -0.50, -1.97 
1995, 31.580078, 7.20, -0.15, -0.48, 8.35, -5.49, -3.64 , 1.24, -0.50, -1.97 
2002, 30.701172, 6.67, -0.31, -1.81, 8.22, -6.68, -3.38 , 1.24, -0.50, -1.97 
2008, 29.822266, 7.45, -0.11, -0.42, 10.00, -6.70, -2.28 , 1.23, -0.59, -2.33 
2015, 28.943359, 6.87, 0.31, -1.17, 10.29, -10.28, -4.45 , 1.23, -0.63, -2.48 
2021, 27.976562, 7.78, -1.67, -2.10, 7.83, -6.20, -2.04 , 1.23, -0.58, -2.29 
2028, 27.097656, 9.34, -2.52, -1.58, 13.09, -3.31, -3.00 , 1.22, -0.66, -2.59 
2034, 26.042969, 6.90, 1.01, -2.25, 11.68, -7.28, -3.30 , 1.24, -0.51, -2.01 
2041, 25.164062, 7.85, -1.33, 2.61, 14.01, -6.03, -4.86 , 1.24, -0.50, -1.97 
2048, 24.109375, 7.74, 3.92, 1.13, 11.21, -5.93, -3.07 , 1.23, -0.56, -2.21 
2054, 23.054688, 7.86, 3.73, -2.93, 12.24, -4.83, -6.06 , 1.23, -0.60, -2.36 
2061, 22.000000, 6.58, 0.39, 2.91, 14.26, -9.28, -7.48 , 1.23, -0.64, -2.51 
2067, 20.857422, 7.00, 4.67, -1.26, 13.76, -6.76, -0.47 , 1.23, -0.54, -2.13 
2074, 19.714844, 8.07, 4.68, -1.21, 11.77, -5.38, -2.81 , 1.23, -0.59, -2.33 
2090, 17.166016, 7.85, -0.41, -0.95, 15.27, -12.12, -6.41 , 1.22, -0.65, -2.55 
2097, 16.199219, 8.50, 2.99, 1.41, 15.68, -11.22, -7.39 , 1.22, -0.65, -2.55 
2103, 15.232422, 9.36, 3.33, 2.81, 15.27, -10.31, -6.11 , 1.22, -0.65, -2.55 
2110, 14.265625, 9.13, 5.91, 3.40, 14.35, -6.43, -4.58 , 1.23, -0.57, -2.25 
2117, 13.123047, 11.37, 5.79, 2.23, 15.23, -5.31, -2.95 , 1.24, -0.52, -2.05 
2123, 12.068359, 9.62, 11.27, 1.86, 15.73, -13.98, -9.31 , 1.24, -0.50, -1.97 
2130, 11.101562, 12.04, 6.86, 1.11, 13.03, -14.24, -5.28 , 1.26, -0.16, -0.63 
2136, 9.958984, 9.92, 11.58, 4.35, 7.58, -14.39, -3.67 , 1.27, -0.13, -0.49 
2143, 8.992188, 8.61, 12.57, 1.99, 11.22, -19.61, -7.46 , 1.26, -0.16, -0.63 
2149, 8.113281, 7.09, 12.03, 0.60, 11.89, -17.40, -7.42 , 1.26, -0.16, -0.63 
2156, 7.234375, 6.78, 12.00, 3.06, 11.43, -13.40, -6.06 , 1.27, -0.11, -0.45 
2162, 6.355469, 6.64, 12.38, 4.65, 9.26, -12.66, -4.20 , 1.27, -0.07, -0.26 
2169, 5.564453, 7.57, 9.96, 1.77, 7.84, -11.41, -3.79 , 1.27, -0.07, -0.26 
2175, 4.861328, 7.22, 9.79, 1.51, 9.35, -12.08, -3.90 , 1.27, -0.07, -0.26 
2182, 4.333984, 8.30, 8.00, 2.50, 9.67, -12.20, -4.59 , 1.27, 0.02, 0.06 
2189, 3.806641, 9.00, 8.80, 0.84, 11.60, -10.41, -5.23 , 1.28, 0.08, 0.30 
2195, 3.279297, 10.66, 7.80, 0.91, 11.08, -6.33, -5.71 , 1.28, 0.07, 0.26 
2202, 2.927734, 11.50, 5.76, -0.62, 13.07, -3.40, -5.75 , 1.28, 0.10, 0.40 
2208, 2.664062, 12.97, 4.32, -1.12, 15.32, 2.76, 2.68 , 1.28, 0.13, 0.50 
2215, 2.488281, 14.15, 2.78, -1.58, 17.09, 14.06, 10.07 , 1.28, 0.10, 0.40 
2221, 2.400391, 15.95, 0.93, -2.32, 17.35, 14.11, 6.31 , 1.28, 0.07, 0.26 
2228, 2.312500, 16.55, 0.23, -1.98, 18.73, 7.46, 1.99 , 1.28, 0.05, 0.21 
2234, 2.312500, 19.42, 1.08, -0.18, 19.13, 14.24, 1.83 , 1.28, 0.10, 0.40 
2241, 2.312500, 17.81, 2.85, 2.75, 17.07, 6.51, 2.99 , 1.28, 0.08, 0.30 
2247, 2.312500, 16.00, 3.77, 3.45, 15.97, 4.34, 5.14 , 1.28, 0.09, 0.35 
2254, 2.312500, 14.37, 3.56, 4.50, 14.43, 2.44, 1.61 , 1.28, 0.15, 0.60 
2260, 2.312500, 13.64, 4.92, 2.75, 13.07, -0.35, -1.29 , 1.28, 0.11, 0.45 
2267, 2.312500, 12.62, 5.83, 1.79, 11.68, -5.96, -3.98 , 1.28, 0.13, 0.50 
2274, 2.488281, 11.27, 4.29, 1.27, 10.90, -5.52, -5.20 , 1.28, 0.17, 0.65 
2280, 2.664062, 10.38, 4.14, 0.81, 9.65, -6.13, -6.92 , 1.28, 0.13, 0.50 
2287, 2.839844, 9.00, 3.00, 0.01, 8.65, -5.75, -7.65 , 1.29, 0.20, 0.80 
2293, 3.103516, 7.97, 2.36, -0.90, 8.23, -6.62, -7.83 , 1.29, 0.18, 0.70 
2300, 3.455078, 7.69, 1.43, -2.00, 7.77, -7.16, -6.98 , 1.29, 0.19, 0.75 
2306, 3.806641, 6.80, -0.42, -3.35, 7.51, -7.93, -5.60 , 1.29, 0.18, 0.70 
2313, 4.158203, 6.38, -1.25, -4.63, 7.66, -7.84, -4.09 , 1.29, 0.23, 0.90 
2319, 4.685547, 5.90, -2.14, -3.89, 6.31, -6.23, -2.10 , 1.29, 0.23, 0.90 
2326, 5.125000, 5.94, -2.10, -4.64, 6.98, -6.38, -2.15 , 1.29, 0.20, 0.80 
2332, 5.652344, 6.51, -2.80, -4.44, 5.90, -6.37, -2.73 , 1.29, 0.23, 0.90 
2339, 6.179688, 6.22, -3.18, -4.38, 6.42, -5.42, -2.89 , 1.29, 0.22, 0.85 
2345, 6.707031, 7.02, -3.81, -4.15, 5.89, -4.15, -1.89 , 1.28, 0.13, 0.50 
2352, 7.146484, 7.29, -3.03, -3.85, 6.11, -2.07, -2.68 , 1.28, 0.04, 0.16 
2358, 7.585938, 9.06, -5.31, -4.02, 6.78, -1.98, -1.01 , 1.29, 0.18, 0.70 
2365, 7.849609, 8.55, -3.36, -2.50, 5.53, 0.90, -2.74 , 1.28, 0.10, 0.40 
2371, 7.937500, 9.72, -3.07, -2.67, 7.47, 1.02, -0.76 , 1.28, 0.07, 0.26 
2378, 7.937500, 9.56, -6.54, -2.00, 8.07, -5.44, -1.41 , 1.28, 0.04, 0.16 
2384, 8.025391, 10.11, -7.74, -1.11, 8.65, -4.93, -1.67 , 1.27, -0.07, -0.26 
2391, 8.113281, 10.35, -5.43, -1.00, 9.22, -4.08, -2.40 , 1.27, -0.03, -0.12 
2397, 8.113281, 10.17, -4.18, -0.49, 9.42, -2.28, -3.32 , 1.28, 0.03, 0.11 
2404, 8.113281, 10.22, -1.74, -0.24, 9.86, -2.70, -2.83 , 1.28, 0.04, 0.16 
2411, 8.113281, 10.25, -1.22, -0.35, 10.01, -2.74, -3.15 , 1.27, -0.02, -0.08 
2417, 8.113281, 10.32, -0.70, -0.58, 10.25, -4.77, -3.93 , 1.27, -0.02, -0.08 
2424, 8.113281, 10.47, -1.65, -1.35, 10.15, -1.42, -3.92 , 1.27, -0.02, -0.08 
2430, 8.025391, 10.40, 0.17, -1.62, 10.10, -1.53, -4.20 , 1.27, -0.02, -0.08 
2437, 7.937500, 10.33, 1.32, -1.83, 10.18, -1.30, -3.71 , 1.27, 0.00, 0.02 
2443, 7.849609, 10.16, 1.03, -2.34, 10.08, -0.58, -3.04 , 1.27, -0.07, -0.26 
2450, 7.849609, 10.08, 0.70, -2.60, 9.96, -0.83, -3.01 , 1.27, -0.03, -0.12 
2456, 7.761719, 9.80, 0.80, -2.44, 9.73, 0.71, -2.95 , 1.27, -0.07, -0.26 
2463, 7.585938, 9.79, 1.87, -2.45, 9.72, 1.04, -2.35 , 1.27, -0.07, -0.26 
2469, 7.410156, 9.70, 1.82, -2.15, 9.57, 2.28, -2.15 , 1.27, -0.01, -0.03 
2476, 7.234375, 9.71, 2.49, -2.12, 9.57, 2.49, -1.96 , 1.27, -0.02, -0.08 
2482, 7.146484, 9.79, 2.11, -2.17, 10.06, -0.52, -1.84 , 1.27, -0.07, -0.26 
2489, 6.970703, 9.71, 1.53, -2.40, 10.01, -0.96, -2.11 , 1.27, -0.13, -0.49 
2496, 6.882812, 9.67, 1.64, -2.34, 10.02, 0.11, -2.35 , 1.27, -0.08, -0.31 
2502, 6.619141, 9.73, 3.14, -2.51, 10.48, 3.44, -2.03 , 1.27, -0.04, -0.17 
2509, 6.443359, 9.89, 4.84, -2.08, 9.73, 1.90, -1.85 , 1.28, 0.05, 0.21 
2515, 6.179688, 9.65, 3.75, -2.10, 9.84, 0.84, -3.00 , 1.27, -0.07, -0.26 
2522, 6.003906, 9.60, 2.65, -1.84, 9.69, -2.20, -3.05 , 1.27, -0.07, -0.26 
2528, 5.828125, 8.95, 0.80, -1.54, 9.22, -2.10, -3.37 , 1.27, -0.02, -0.08 
2535, 5.652344, 8.90, 2.68, -1.81, 9.40, 2.34, -3.52 , 1.28, 0.04, 0.16 
2541, 5.476562, 8.51, 1.96, -1.17, 8.38, 1.19, -2.63 , 1.28, 0.09, 0.35 
2548, 5.300781, 8.24, 1.83, -2.41, 8.40, -1.81, -2.48 , 1.28, 0.03, 0.11 
2554, 5.300781, 8.09, 0.79, -2.62, 8.04, -4.61, -3.20 , 1.28, 0.04, 0.16 
2561, 5.212891, 7.73, -0.02, -2.11, 8.07, -2.89, -3.18 , 1.27, 0.02, 0.06 
2567, 5.212891, 7.97, 1.40, -2.25, 8.20, -1.39, -2.20 , 1.28, 0.03, 0.11 
2574, 5.212891, 7.89, 2.40, -2.25, 8.18, 0.45, -2.45 , 1.28, 0.03, 0.11 
2580, 5.212891, 8.31, 1.85, -2.32, 8.43, -1.93, -2.06 , 1.27, 0.00, 0.02 
2587, 5.212891, 8.50, 0.75, -2.08, 8.71, -2.32, -2.21 , 1.27, 0.00, 0.02 
2594, 5.212891, 8.85, 0.36, -1.80, 8.91, -2.29, -1.87 , 1.27, 0.02, 0.06 
2600, 5.212891, 8.96, -0.03, -1.54, 9.03, -2.84, -1.88 , 1.27, 0.02, 0.06 
2607, 5.212891, 9.31, -0.73, -1.57, 9.24, -3.32, -1.91 , 1.27, 0.00, 0.02 
2613, 5.212891, 9.50, -1.22, -1.42, 9.27, -3.74, -2.04 , 1.28, 0.03, 0.11 
2620, 5.212891, 9.56, -1.91, -1.11, 9.33, -4.14, -1.90 , 1.28, 0.04, 0.16 
2626, 5.212891, 9.76, -2.32, -0.90, 9.42, -4.24, -1.97 , 1.27, 0.00, 0.02 
2633, 5.212891, 9.79, -2.95, -0.58, 9.49, -4.05, -2.39 , 1.27, 0.00, 0.02 
2639, 5.212891, 10.01, -3.55, -0.77, 9.57, -3.76, -2.32 , 1.27, 0.02, 0.06 
2646, 5.212891, 9.96, -3.92, -0.85, 9.55, -4.02, -2.52 , 1.27, 0.00, 0.02 
2652, 5.212891, 9.91, -3.89, -0.64, 9.51, -4.07, -2.56 , 1.27, -0.02, -0.08 
2659, 5.212891, 9.88, -3.96, -0.57, 9.54, -3.74, -2.70 , 1.27, 0.00, 0.02 
2665, 5.212891, 9.93, -3.74, -0.42, 9.42, -2.98, -2.85 , 1.27, -0.03, -0.12 
2672, 5.125000, 10.15, -2.33, -0.90, 9.52, -2.90, -2.70 , 1.28, 0.04, 0.16 
2678, 5.125000, 9.83, -3.24, -0.66, 9.30, -1.46, -3.55 , 1.27, 0.02, 0.06 
2685, 5.037109, 10.24, -2.45, -1.31, 9.73, -3.54, -3.14 , 1.27, 0.00, 0.02 
2691, 5.037109, 9.97, -2.81, -1.02, 9.62, -3.77, -3.66 , 1.27, -0.02, -0.08 
2698, 5.037109, 10.06, -2.38, -1.45, 9.87, -3.36, -3.23 , 1.27, -0.01, -0.03 
2704, 4.949219, 9.90, -1.67, -2.04, 9.82, -1.95, -3.27 , 1.27, 0.00, 0.02 
2711, 4.949219, 10.05, -0.50, -2.47, 9.92, -1.72, -3.01 , 1.27, -0.02, -0.08 
2717, 4.861328, 10.17, -0.04, -2.72, 9.98, -1.64, -2.65 , 1.27, 0.02, 0.06 
2724, 4.861328, 10.00, -0.11, -2.42, 9.90, -0.77, -2.67 , 1.28, 0.03, 0.11 
2731, 4.773438, 10.01, 1.19, -2.61, 10.07, -1.96, -1.78 , 1.28, 0.03, 0.11 
2737, 4.773438, 9.75, 1.28, -2.50, 9.88, -1.06, -1.70 , 1.28, 0.04, 0.16 
2744, 4.773438, 9.79, 1.92, -2.71, 9.92, -0.67, -1.52 , 1.28, 0.03, 0.11 
2750, 4.773438, 9.67, 2.54, -2.67, 9.97, -0.89, -1.40 , 1.28, 0.04, 0.16 
2757, 4.773438, 9.83, 3.05, -2.65, 10.28, -0.89, -1.77 , 1.28, 0.04, 0.16 
2763, 4.773438, 10.03, 3.86, -2.74, 10.58, -0.65, -1.98 , 1.28, 0.04, 0.16 
2770, 4.773438, 10.29, 4.19, -2.84, 11.11, -0.86, -2.32 , 1.28, 0.03, 0.11 
2777, 4.773438, 10.78, 3.95, -3.05, 11.70, -1.64, -2.56 , 1.28, 0.03, 0.11 
2783, 4.773438, 11.18, 3.32, -2.80, 12.42, -1.80, -2.79 , 1.28, 0.03, 0.11 
2790, 4.773438, 11.75, 3.39, -2.81, 13.06, -1.22, -3.15 , 1.28, 0.08, 0.30 
2796, 4.861328, 12.45, 2.97, -2.95, 13.70, -1.20, -3.28 , 1.28, 0.07, 0.26 
2803, 4.861328, 13.38, 2.45, -2.99, 14.67, 0.29, -3.29 , 1.28, 0.15, 0.60 
2809, 4.861328, 13.80, 2.57, -3.04, 15.23, 0.42, -3.06 , 1.28, 0.17, 0.65 
2816, 5.037109, 14.48, 1.42, -2.39, 14.97, -0.28, -2.37 , 1.28, 0.14, 0.55 
2822, 5.212891, 14.71, -0.86, -2.46, 15.86, -0.38, -2.10 , 1.28, 0.15, 0.60 
2829, 5.476562, 14.78, 0.13, -2.24, 16.03, -1.24, -0.61 , 1.29, 0.18, 0.70 
2836, 5.740234, 14.06, -0.25, -1.43, 15.90, 0.73, -0.26 , 1.28, 0.10, 0.40 
2842, 6.091797, 14.10, -0.07, -1.52, 16.35, 0.59, 2.04 , 1.29, 0.20, 0.80 
2849, 6.531250, 13.83, 0.85, -1.45, 16.42, 2.11, 2.38 , 1.29, 0.19, 0.75 
2855, 6.970703, 14.03, 0.09, -1.09, 16.26, 2.77, 2.78 , 1.28, 0.14, 0.55 
2862, 7.498047, 13.64, 1.06, -0.74, 15.32, 3.91, 1.00 , 1.29, 0.22, 0.85 
2868, 8.025391, 13.33, -0.02, -0.05, 14.77, 5.30, -1.48 , 1.29, 0.22, 0.85 
2875, 8.552734, 12.39, 0.38, 0.43, 14.87, 4.33, -3.73 , 1.29, 0.26, 1.00 
2881, 9.080078, 11.34, -0.49, 1.66, 14.01, 3.61, -5.04 , 1.29, 0.24, 0.95 
2888, 9.783203, 10.05, -1.13, 1.13, 13.26, 1.93, -4.97 , 1.29, 0.28, 1.11 
2894, 10.486328, 9.54, -2.47, 1.27, 13.51, 0.96, -6.15 , 1.29, 0.26, 1.00 
2901, 11.277344, 9.84, -4.06, 1.01, 14.08, -1.17, -5.38 , 1.29, 0.31, 1.21 
2907, 12.156250, 9.88, -4.81, -0.18, 14.74, -4.67, -5.59 , 1.29, 0.29, 1.16 
2914, 13.210938, 10.02, -6.05, -0.42, 14.96, -9.43, -4.84 , 1.30, 0.33, 1.31 
2921, 14.265625, 10.71, -9.39, -1.39, 14.88, -1.84, -4.52 , 1.30, 0.46, 1.80 
2927, 15.320312, 9.71, -4.59, 1.27, 14.65, -7.30, -3.84 , 1.30, 0.46, 1.80 
2934, 16.462891, 11.71, -3.50, 0.47, 14.30, -5.84, -2.91 , 1.30, 0.47, 1.85 
2940, 17.869141, 12.03, -7.85, 0.59, 13.27, -4.84, 1.01 , 1.30, 0.44, 1.74 
2947, 19.187500, 11.49, -7.81, 1.76, 13.86, -5.04, -0.28 , 1.32, 0.70, 2.76 
2953, 20.330078, 13.33, -3.97, -0.40, 12.31, 6.44, -2.36 , 1.32, 0.82, 3.23 
2960, 21.472656, 14.60, -4.11, -0.20, 10.35, 4.65, -7.41 , 1.32, 0.82, 3.23 
2966, 21.912109, 15.66, -3.33, 1.17, 9.20, -4.93, -6.15 , 1.32, 0.79, 3.11 
2973, 23.669922, 14.73, -5.90, 1.38, 11.01, -9.20, -5.61 , 1.31, 0.54, 2.13 
2979, 24.724609, 15.00, -1.75, 2.35, 5.75, -11.31, -2.50 , 1.32, 0.69, 2.70 
2986, 25.779297, 15.95, -7.10, 2.64, 3.03, -9.00, 1.04 , 1.31, 0.61, 2.41 
2992, 26.746094, 13.81, -5.18, -3.45, 6.66, -4.17, -4.30 , 1.31, 0.54, 2.13 
2999, 27.625000, 14.14, -4.24, -2.18, 4.35, 2.75, -0.88 , 1.31, 0.61, 2.41 
3006, 28.416016, 14.54, -2.46, -2.33, 3.38, 1.57, 1.17 , 1.31, 0.64, 2.52 
3012, 29.207031, 14.32, -3.21, -2.03, 2.86, -6.76, 2.49 , 1.30, 0.50, 1.96 
3019, 30.085938, 12.66, -5.87, -2.91, 4.13, -5.80, 2.00 , 1.30, 0.46, 1.80 
3025, 30.789062, 9.85, -6.09, -2.67, 3.60, -8.58, 4.26 , 1.29, 0.32, 1.26 
3032, 31.580078, 8.61, -5.07, -2.53, 3.62, -3.75, 2.77 , 1.29, 0.28, 1.11 
3038, 32.283203, 9.41, -3.29, -2.14, 3.34, -2.57, 4.15 , 1.29, 0.24, 0.95 
3045, 32.986328, 7.86, -1.08, -0.92, 2.54, -2.57, 1.90 , 1.29, 0.24, 0.95 
3051, 33.601562, 7.71, -1.69, -0.56, 1.41, 0.52, 1.52 , 1.29, 0.24, 0.95 
3058, 34.128906, 7.41, 0.01, 0.16, 1.35, 3.55, 1.26 , 1.29, 0.23, 0.90 
3064, 34.480469, 8.44, 0.62, -0.05, 1.47, 0.92, -1.10 , 1.28, 0.17, 0.65 
3071, 34.832031, 8.62, 1.00, 0.40, 2.06, 2.18, 1.55 , 1.29, 0.19, 0.75 
3077, 35.095703, 8.92, 1.93, 0.25, 2.00, 1.18, 0.70 , 1.28, 0.17, 0.65 
3084, 35.183594, 9.13, 1.68, 0.02, 2.25, 1.06, 0.23 , 1.28, 0.13, 0.50 
3091, 35.183594, 8.65, 0.76, -0.33, 2.87, -5.08, 0.04 , 1.28, 0.09, 0.35 
3097, 35.183594, 8.36, -1.46, 0.22, 2.95, -4.90, -0.51 , 1.28, 0.04, 0.16 
3104, 35.183594, 7.91, -0.28, -0.66, 3.07, -5.89, 0.80 , 1.28, 0.04, 0.16 
3110, 35.183594, 8.35, 0.62, -0.38, 4.44, -6.62, -0.33 , 1.28, 0.04, 0.16 
3117, 35.183594, 7.89, -0.31, -0.96, 4.89, -5.68, -0.39 , 1.28, 0.04, 0.16 
3123, 35.095703, 7.95, 0.51, -1.06, 4.60, -1.33, -0.65 , 1.28, 0.04, 0.16 
3130, 34.832031, 8.67, 1.74, -1.04, 4.20, -1.42, -0.06 , 1.27, -0.07, -0.26 
3136, 34.744141, 8.20, 0.85, -1.50, 4.57, -1.07, -0.24 , 1.27, 0.02, 0.06 
3143, 34.480469, 7.92, -0.25, -0.81, 5.80, -3.09, -0.84 , 1.25, -0.29, -1.15 
3149, 34.216797, 7.78, 0.10, -2.43, 5.28, -4.37, 0.10 , 1.24, -0.50, -1.97 
3156, 33.953125, 6.95, -3.02, -0.46, 6.26, -1.06, -0.00 , 1.24, -0.50, -1.97 
3162, 33.425781, 7.12, 0.08, -0.47, 4.54, 7.43, 2.53 , 1.25, -0.29, -1.15 
3169, 32.634766, 7.76, 5.39, -1.71, 4.96, 5.26, 1.41 , 1.25, -0.33, -1.28 
3175, 31.931641, 6.42, 0.62, -0.84, 5.52, -0.76, -0.07 , 1.24, -0.50, -1.97 
3182, 31.140625, 6.54, -0.43, -1.57, 8.16, -7.08, -1.17 , 1.23, -0.60, -2.36 
3188, 30.349609, 5.87, -1.60, -1.33, 7.83, -6.97, -1.05 , 1.23, -0.59, -2.33 
3195, 29.470703, 5.51, -2.94, -1.54, 9.46, -5.68, -0.23 , 1.23, -0.64, -2.51 
3202, 28.503906, 4.93, -0.60, -1.55, 9.78, -7.58, -2.45 , 1.22, -0.65, -2.55 
3208, 27.625000, 4.98, 0.91, -0.49, 8.53, -9.06, -3.42 , 1.22, -0.65, -2.55 
3215, 26.570312, 5.67, -3.02, -2.64, 14.06, -2.37, -4.35 , 1.22, -0.65, -2.55 
3221, 25.515625, 6.49, 1.75, -1.84, 12.71, -5.89, -4.25 , 1.22, -0.67, -2.63 
3228, 24.548828, 5.78, -1.22, -4.57, 8.52, -4.15, -3.56 , 1.22, -0.66, -2.59 
3234, 23.406250, 5.22, -0.75, -1.08, 13.58, -4.99, -2.31 , 1.22, -0.66, -2.59 
3241, 22.351562, 7.43, 0.96, 1.78, 9.93, -7.80, -0.77 , 1.22, -0.65, -2.55 
3247, 22.000000, 4.13, 0.95, -1.66, 15.07, -6.93, -7.24 , 1.22, -0.65, -2.55 
3254, 20.066406, 7.27, 0.96, -0.96, 14.88, -1.93, 0.78 , 1.23, -0.63, -2.48 
3260, 18.923828, 9.56, 1.55, -1.13, 15.56, -11.93, -0.52 , 1.22, -0.70, -2.74 
3267, 17.957031, 9.93, -1.14, 0.23, 15.76, -10.92, -3.08 , 1.22, -0.76, -2.99 
3273, 16.902344, 8.27, 1.07, 1.59, 17.71, -12.06, -3.85 , 1.22, -0.74, -2.92 
3280, 15.759766, 10.99, 1.66, 2.85, 18.64, -13.29, -6.71 , 1.21, -0.78, -3.06 
3287, 14.792969, 10.51, 0.74, 4.53, 15.29, -12.03, -8.40 , 1.22, -0.73, -2.88 
3293, 13.650391, 11.51, 0.90, 4.96, 16.44, -11.09, -9.00 , 1.23, -0.62, -2.44 
3300, 12.595703, 14.29, 3.04, 5.24, 19.57, -10.87, -11.85 , 1.24, -0.50, -1.97 
3306, 11.541016, 13.46, 7.76, 11.32, 14.08, -14.88, -8.60 , 1.25, -0.33, -1.28 
3323, 8.904297, 5.79, 12.26, 5.21, 6.00, -19.61, -13.80 , 1.27, -0.03, -0.12 
3329, 7.849609, 2.72, 19.61, 2.02, 5.64, -19.61, -11.28 , 1.27, 0.00, 0.02 
3336, 6.970703, 5.76, 19.61, -0.07, 2.99, -19.61, -9.79 , 1.27, -0.07, -0.26 
3343, 6.179688, 5.67, 17.78, -3.87, 7.03, -19.61, -7.98 , 1.27, -0.03, -0.12 
3349, 5.388672, 6.51, 12.12, -0.72, 7.36, -19.61, -8.17 , 1.27, -0.03, -0.12 
3356, 4.773438, 6.70, 10.17, 1.57, 8.95, -17.88, -8.34 , 1.28, 0.03, 0.11 
3362, 4.333984, 8.49, 9.91, 1.12, 10.39, -17.19, -7.56 , 1.28, 0.10, 0.40 
3369, 3.982422, 9.78, 8.18, 0.03, 11.74, -11.26, -10.51 , 1.29, 0.19, 0.75 
3375, 3.718750, 11.06, 7.08, 0.43, 12.67, -5.29, -13.04 , 1.29, 0.24, 0.95 
3382, 3.630859, 13.00, 6.75, -0.07, 16.30, 5.93, -8.72 , 1.29, 0.22, 0.85 
3388, 3.630859, 14.71, 1.97, 0.32, 18.93, 19.61, -0.14 , 1.28, 0.13, 0.50 
3395, 3.630859, 16.63, -1.07, -0.24, 19.61, 19.61, 5.17 , 1.28, 0.08, 0.30 
3402, 3.630859, 18.49, -5.42, -0.98, 19.61, 14.90, 3.02 , 1.28, 0.10, 0.40 
3408, 3.630859, 18.79, -7.15, 0.81, 19.45, 6.13, 5.63 , 1.28, 0.08, 0.30 
3415, 3.630859, 17.12, -3.30, 3.14, 18.33, 4.38, 8.97 , 1.28, 0.07, 0.26 
3421, 3.630859, 16.67, -0.89, 2.67, 16.69, 3.51, 10.65 , 1.28, 0.10, 0.40 
3428, 3.630859, 15.37, -0.12, 1.26, 15.30, 0.63, 7.02 , 1.28, 0.17, 0.65 
3434, 3.630859, 15.08, 3.45, -0.88, 14.41, 0.32, 6.92 , 1.28, 0.07, 0.26 
3441, 3.630859, 13.41, 4.40, -0.37, 12.98, -2.16, 3.61 , 1.28, 0.08, 0.30 
3447, 3.718750, 11.96, 5.45, -0.13, 12.01, 0.11, -0.82 , 1.28, 0.10, 0.40 
3454, 3.718750, 11.21, 7.61, 1.31, 10.82, 1.32, -4.41 , 1.28, 0.15, 0.60 
3460, 3.806641, 10.26, 7.54, 1.97, 9.98, 2.26, -7.61 , 1.28, 0.11, 0.45 
3467, 3.894531, 9.77, 6.05, 2.71, 9.42, -1.65, -9.40 , 1.28, 0.07, 0.26 
3473, 3.982422, 9.16, 5.16, 1.09, 9.22, -2.63, -10.25 , 1.28, 0.15, 0.60 
3480, 4.070312, 8.77, 4.21, -1.54, 8.24, -3.03, -10.78 , 1.29, 0.18, 0.70 
3486, 4.158203, 8.74, 4.07, -4.87, 8.18, -7.54, -8.75 , 1.28, 0.15, 0.60 
3493, 4.421875, 8.39, 2.21, -5.82, 8.20, -9.31, -8.05 , 1.29, 0.22, 0.85 
3499, 4.597656, 8.01, -0.05, -4.84, 8.34, -11.88, -4.82 , 1.29, 0.20, 0.80 
3506, 4.949219, 7.92, 0.21, -4.93, 8.46, -12.21, -2.60 , 1.29, 0.20, 0.80 
3513, 5.300781, 7.83, -2.83, -4.96, 8.98, -10.83, -1.73 , 1.29, 0.23, 0.90 
3519, 5.740234, 8.31, -3.09, -5.56, 8.88, -10.73, -1.70 , 1.29, 0.20, 0.80 
3526, 6.267578, 8.25, -4.19, -5.44, 8.05, -6.74, -3.25 , 1.29, 0.18, 0.70 
3532, 6.707031, 8.04, -3.58, -5.43, 7.84, -4.68, -2.59 , 1.29, 0.18, 0.70 
3539, 7.146484, 7.52, -3.32, -5.43, 8.15, -1.60, -2.49 , 1.28, 0.17, 0.65 
3545, 7.673828, 7.58, -3.17, -4.49, 5.65, -0.00, -0.97 , 1.29, 0.18, 0.70 
3552, 8.025391, 7.15, -2.80, -4.26, 5.72, 0.07, -1.64 , 1.29, 0.18, 0.70 
3558, 8.376953, 7.69, -3.87, -3.56, 5.09, 0.54, -1.40 , 1.28, 0.15, 0.60 
3565, 8.552734, 7.43, -4.52, -2.47, 5.13, 1.58, -2.21 , 1.28, 0.05, 0.21 
3571, 8.728516, 8.18, -5.56, -1.13, 5.67, -2.64, -1.65 , 1.27, 0.02, 0.06 
3578, 8.904297, 8.22, -6.67, -0.51, 7.22, -4.00, -1.65 , 1.27, -0.02, -0.08 
3584, 8.992188, 8.92, -7.70, -0.18, 7.68, -4.92, -2.80 , 1.27, -0.02, -0.08 
3591, 8.992188, 9.50, -5.50, -0.48, 8.20, -3.36, -2.75 , 1.27, 0.00, 0.02 
3597, 8.992188, 10.07, -3.67, -1.25, 9.02, -1.68, -3.11 , 1.27, -0.03, -0.12 
3604, 8.992188, 10.30, -2.63, -1.36, 9.20, -1.15, -3.26 , 1.27, -0.03, -0.12 
3611, 8.992188, 10.46, -1.84, -1.37, 9.55, -2.55, -3.82 , 1.27, -0.01, -0.03 
3617, 8.992188, 10.60, -1.75, -1.65, 9.64, -3.21, -4.30 , 1.27, -0.02, -0.08 
3624, 8.992188, 10.56, -0.98, -2.08, 9.81, -4.27, -4.40 , 1.27, -0.03, -0.12 
3630, 8.904297, 10.56, -0.20, -2.50, 9.91, -3.20, -3.96 , 1.27, -0.09, -0.36 
3637, 8.816406, 10.63, 0.62, -2.77, 9.92, -2.35, -3.89 , 1.27, -0.04, -0.17 
3643, 8.728516, 10.41, 1.50, -2.80, 9.64, -0.15, -3.88 , 1.27, -0.07, -0.26 
3650, 8.552734, 10.44, 2.29, -3.11, 9.50, -0.38, -3.04 , 1.27, -0.07, -0.26 
3656, 8.376953, 9.87, 1.59, -2.89, 9.43, -1.45, -2.42 , 1.27, -0.04, -0.17 
3663, 8.201172, 9.71, 1.18, -2.69, 9.48, -1.69, -2.32 , 1.27, -0.03, -0.12 
3669, 7.937500, 9.48, 2.03, -2.81, 9.38, -0.69, -2.44 , 1.27, -0.07, -0.26 
3676, 7.673828, 9.31, 1.96, -2.47, 9.33, -1.43, -2.59 , 1.27, -0.08, -0.31 
3683, 7.410156, 9.20, 1.61, -1.99, 9.43, -0.14, -1.98 , 1.27, -0.02, -0.08 
3689, 7.146484, 9.10, 1.97, -1.24, 9.20, -1.03, -2.27 , 1.27, -0.08, -0.31 
3696, 6.882812, 9.03, 2.33, -1.52, 10.10, -1.28, -1.64 , 1.27, -0.08, -0.31 
3702, 6.619141, 9.52, 1.22, -0.91, 10.24, -0.53, -2.39 , 1.27, -0.07, -0.26 
3709, 6.355469, 9.37, 2.28, 0.45, 10.25, 1.39, -0.99 , 1.27, -0.03, -0.12 
3715, 6.091797, 9.56, 0.76, -0.23, 9.77, 1.02, -2.12 , 1.27, -0.03, -0.12 
3722, 5.828125, 9.34, 0.06, -0.91, 9.55, 1.06, -1.30 , 1.27, -0.06, -0.22 
3728, 5.652344, 8.86, 1.59, -0.62, 9.24, 0.98, -2.08 , 1.28, 0.04, 0.16 
3735, 5.388672, 8.89, 0.79, -0.81, 8.96, 1.59, -2.88 , 1.28, 0.03, 0.11 
3741, 5.212891, 9.08, 1.08, -1.31, 9.17, -1.52, -2.84 , 1.28, 0.04, 0.16 
3748, 5.037109, 8.80, -0.11, -1.50, 8.93, -1.64, -2.82 , 1.27, -0.01, -0.03 
3754, 4.861328, 8.93, 0.51, -1.97, 9.36, -2.13, -3.02 , 1.28, 0.03, 0.11 
3761, 4.773438, 8.77, 1.73, -2.05, 9.13, -1.37, -3.63 , 1.28, 0.03, 0.11 
3767, 4.685547, 8.94, 3.26, -2.67, 9.02, -1.14, -3.21 , 1.28, 0.03, 0.11 
3774, 4.685547, 8.83, 2.55, -2.78, 8.88, -1.62, -3.55 , 1.27, 0.00, 0.02 
3780, 4.685547, 8.61, 1.86, -2.62, 8.66, -1.96, -2.84 , 1.28, 0.04, 0.16 
3787, 4.685547, 8.61, 1.60, -2.40, 8.89, -0.62, -2.31 , 1.28, 0.03, 0.11 
3794, 4.685547, 8.30, 1.53, -2.02, 8.59, -0.48, -2.81 , 1.28, 0.04, 0.16 
3800, 4.685547, 8.39, 0.09, -1.45, 8.45, -0.66, -2.23 , 1.28, 0.04, 0.16 
3807, 4.685547, 8.38, -0.49, -1.22, 8.51, -1.73, -2.07 , 1.28, 0.04, 0.16 
3813, 4.685547, 8.39, -0.75, -0.83, 8.51, -1.71, -2.23 , 1.28, 0.04, 0.16 
3820, 4.685547, 8.66, -1.51, -0.64, 8.76, -2.17, -1.92 , 1.28, 0.04, 0.16 
3826, 4.685547, 9.00, -1.91, -0.60, 8.97, -2.85, -1.91 , 1.28, 0.04, 0.16 
3833, 4.597656, 9.22, -2.06, -0.44, 9.17, -3.35, -2.20 , 1.28, 0.04, 0.16 
3839, 4.685547, 9.41, -2.31, -0.40, 9.38, -3.96, -2.11 , 1.28, 0.04, 0.16 
3846, 4.597656, 9.77, -2.79, -0.40, 9.56, -4.55, -2.11 , 1.28, 0.03, 0.11 
3852, 4.597656, 9.89, -3.00, -0.29, 9.67, -4.88, -2.08 , 1.28, 0.04, 0.16 
3859, 4.685547, 9.99, -3.42, -0.26, 9.77, -4.76, -2.11 , 1.28, 0.03, 0.11 
3865, 4.685547, 10.01, -3.49, -0.59, 9.76, -4.55, -2.24 , 1.28, 0.04, 0.16 
3872, 4.685547, 10.17, -3.46, -1.06, 9.73, -3.85, -2.48 , 1.28, 0.05, 0.21 
3878, 4.597656, 10.17, -3.29, -1.45, 9.81, -3.60, -2.63 , 1.28, 0.04, 0.16 
3885, 4.685547, 10.26, -3.11, -1.63, 9.96, -3.36, -2.85 , 1.28, 0.04, 0.16 
3891, 4.685547, 10.45, -2.73, -2.03, 10.13, -3.36, -2.74 , 1.28, 0.04, 0.16 
3898, 4.685547, 10.58, -2.24, -2.29, 10.35, -3.46, -2.27 , 1.28, 0.04, 0.16 
3904, 4.685547, 10.68, -1.44, -2.72, 10.47, -3.09, -2.42 , 1.28, 0.04, 0.16 
3911, 4.685547, 10.73, -0.44, -2.94, 10.57, -2.81, -2.34 , 1.28, 0.04, 0.16 
3917, 4.685547, 10.67, 0.76, -3.13, 10.78, -2.67, -2.03 , 1.28, 0.04, 0.16 
3924, 4.685547, 10.76, 1.82, -3.33, 10.89, -2.45, -2.16 , 1.28, 0.03, 0.11 
3931, 4.685547, 10.86, 2.99, -3.34, 11.22, -1.83, -2.61 , 1.28, 0.04, 0.16 
3937, 4.685547, 10.89, 3.81, -3.23, 11.49, -0.95, -2.70 , 1.28, 0.04, 0.16 
3944, 4.685547, 10.98, 4.53, -3.19, 11.89, 0.06, -3.34 , 1.27, 0.00, 0.02 
3950, 4.685547, 11.38, 4.20, -3.22, 12.26, -0.57, -3.83 , 1.28, 0.04, 0.16 
3957, 4.685547, 11.73, 3.22, -3.51, 13.01, -0.31, -3.94 , 1.28, 0.07, 0.26 
3963, 4.685547, 12.20, 3.06, -3.20, 13.49, 0.11, -4.46 , 1.28, 0.04, 0.16 
3970, 4.685547, 12.80, 3.04, -3.57, 14.54, 1.71, -4.28 , 1.28, 0.10, 0.40 
3976, 4.685547, 13.78, 3.58, -3.94, 15.06, 3.20, -3.80 , 1.28, 0.17, 0.65 
3983, 4.773438, 14.07, 2.92, -3.48, 15.10, 3.13, -3.46 , 1.28, 0.11, 0.45 
3989, 4.949219, 14.08, 2.23, -2.67, 15.48, 1.39, -2.65 , 1.29, 0.18, 0.70 
3996, 5.212891, 14.60, 0.24, -2.61, 16.43, 0.85, -2.09 , 1.29, 0.22, 0.85 
4002, 5.476562, 14.29, 1.93, -2.20, 15.54, 1.40, -0.42 , 1.28, 0.17, 0.65 
4009, 5.828125, 13.81, 1.51, -1.72, 16.65, 1.16, 1.86 , 1.29, 0.18, 0.70 
4016, 6.179688, 14.05, 1.75, -1.20, 17.26, 1.79, 3.73 , 1.28, 0.15, 0.60 
4022, 6.707031, 14.29, 1.66, -0.75, 17.38, 2.73, 4.10 , 1.29, 0.18, 0.70 
4029, 7.234375, 14.32, 1.70, -0.29, 17.96, 3.84, 3.99 , 1.29, 0.20, 0.80 
4035, 7.849609, 14.21, 1.33, 0.55, 17.92, 2.83, 0.38 , 1.29, 0.23, 0.90 
4042, 8.464844, 13.82, 1.69, 1.07, 17.48, 3.51, -2.61 , 1.29, 0.22, 0.85 
4048, 9.167969, 12.52, -0.55, 2.74, 16.58, 3.47, -5.53 , 1.29, 0.26, 1.00 
4055, 10.046875, 11.92, -1.93, 2.97, 15.74, 3.89, -6.05 , 1.29, 0.28, 1.11 
4061, 10.837891, 10.58, -3.20, 2.16, 14.53, -0.09, -4.97 , 1.29, 0.27, 1.05 
4068, 11.804688, 9.48, -4.43, 0.62, 13.38, -0.34, -5.09 , 1.29, 0.31, 1.21 
4074, 12.859375, 9.17, -5.34, -0.29, 14.09, -0.38, -4.53 , 1.30, 0.42, 1.63 
4081, 13.914062, 10.12, -5.62, -1.10, 14.15, 0.72, -5.30 , 1.30, 0.48, 1.90 
4087, 14.880859, 9.68, -3.99, -1.21, 12.09, -1.09, -4.21 , 1.30, 0.50, 1.96 
4094, 16.023438, 9.62, -6.28, 0.07, 14.39, -8.02, -0.78 , 1.30, 0.46, 1.80 
4101, 17.253906, 11.58, -6.23, 0.21, 15.61, -5.98, -1.25 , 1.30, 0.50, 1.96 
4107, 18.572266, 12.79, -9.52, 0.82, 16.27, -8.61, -1.83 , 1.31, 0.63, 2.47 
4114, 19.714844, 13.22, -6.74, -0.00, 14.19, 5.93, -0.16 , 1.32, 0.79, 3.11 
4120, 20.857422, 14.78, -3.40, -0.38, 14.00, 3.96, -3.34 , 1.33, 0.88, 3.48 
4127, 21.912109, 15.88, -3.70, -0.37, 11.82, -0.32, -3.73 , 1.32, 0.79, 3.11 
4133, 23.054688, 15.92, -4.76, 1.20, 11.96, -10.57, -5.03 , 1.32, 0.70, 2.76 
4140, 24.109375, 15.79, -8.00, 3.01, 9.83, -10.76, -7.42 , 1.32, 0.79, 3.11 
4146, 25.164062, 13.86, -3.40, 1.68, 6.50, -14.73, -6.05 , 1.31, 0.61, 2.41 
4153, 26.306641, 11.73, -16.23, -0.55, 4.32, -1.37, -7.18 , 1.31, 0.64, 2.52 
4160, 27.185547, 14.99, -1.90, -1.99, 2.59, 2.61, -0.13 , 1.32, 0.70, 2.76 
4166, 28.064453, 14.34, -0.59, -3.79, 2.74, 5.01, -0.83 , 1.31, 0.58, 2.30 
4173, 28.855469, 14.26, -2.94, -1.70, 1.82, -0.61, -0.67 , 1.30, 0.47, 1.85 
4179, 29.734375, 9.73, -8.24, -2.78, 6.25, -8.04, -2.51 , 1.30, 0.46, 1.80 
4186, 30.437500, 13.41, -8.13, -2.77, 2.39, -6.20, 2.67 , 1.30, 0.39, 1.53 
4192, 31.228516, 11.11, -5.93, -4.36, 3.42, -8.12, 0.86 , 1.29, 0.32, 1.26 
4199, 31.931641, 9.03, -6.26, -1.69, 2.08, -5.18, 2.09 , 1.29, 0.28, 1.11 
4205, 32.634766, 8.70, -5.79, -2.44, 0.98, -2.09, 0.52 , 1.29, 0.24, 0.95 
4212, 33.250000, 7.67, -2.73, -1.14, 1.72, -1.30, 0.54 , 1.29, 0.26, 1.00 
4218, 33.777344, 7.27, -2.50, -0.34, 0.92, 1.14, -0.95 , 1.29, 0.19, 0.75 
4225, 34.216797, 6.63, -0.31, -1.27, -0.68, 4.50, 0.57 , 1.29, 0.22, 0.85 
4231, 34.568359, 8.56, 1.12, -0.61, 0.76, 4.13, 2.85 , 1.29, 0.18, 0.70 
4238, 34.744141, 7.61, 1.30, -0.04, -0.77, 3.32, 1.47 , 1.28, 0.13, 0.50 
4244, 34.919922, 7.95, 1.51, 0.31, 0.46, 0.70, 0.82 , 1.28, 0.17, 0.65 
4251, 34.919922, 6.79, 0.30, 0.05, 2.67, -7.13, 1.14 , 1.28, 0.11, 0.45 
4257, 34.919922, 7.12, -2.06, -0.58, 2.98, -5.24, 0.44 , 1.28, 0.04, 0.16 
4264, 34.919922, 7.03, -0.91, -0.50, 3.47, -5.50, -0.46 , 1.28, 0.03, 0.11 
4271, 34.919922, 7.57, -1.37, -0.45, 3.23, -7.16, -1.39 , 1.28, 0.04, 0.16 
4277, 34.832031, 7.12, -0.03, -1.30, 4.30, -1.85, 0.01 , 1.27, -0.01, -0.03 
4284, 34.568359, 7.46, 2.65, -1.05, 4.20, -0.93, -1.10 , 1.27, -0.07, -0.26 
4290, 34.392578, 7.59, 0.51, -1.05, 5.11, -0.73, -0.53 , 1.27, -0.13, -0.49 
4297, 34.128906, 7.91, 0.94, -1.23, 5.77, -1.74, 0.01 , 1.25, -0.27, -1.07 
4303, 33.865234, 7.55, 0.19, -1.52, 6.34, -2.94, -0.52 , 1.24, -0.50, -1.97 
4310, 33.513672, 7.21, 0.38, -0.72, 6.85, -1.17, 0.06 , 1.24, -0.50, -1.97 
4316, 32.898438, 7.47, 1.05, -0.29, 5.29, 5.06, 1.29 , 1.24, -0.50, -1.97 
4323, 32.195312, 8.38, 5.32, -2.61, 7.29, 1.18, 2.07 , 1.24, -0.50, -1.97 
4329, 31.404297, 7.28, 3.40, 0.11, 5.72, -1.36, -1.83 , 1.24, -0.51, -2.01 
4336, 30.525391, 7.44, 0.81, -2.16, 5.58, -2.42, 1.33 , 1.23, -0.60, -2.36 
4342, 29.646484, 6.27, 0.54, -1.77, 9.90, -9.05, -0.10 , 1.22, -0.65, -2.55 
4349, 28.679688, 5.76, -1.61, -1.73, 11.32, -11.67, -2.38 , 1.22, -0.71, -2.77 
4356, 27.712891, 4.35, -3.22, -1.12, 10.58, -8.08, -2.78 , 1.22, -0.69, -2.70 
4362, 26.658203, 3.05, -3.56, -0.71, 7.27, -3.37, 1.15 , 1.22, -0.68, -2.66 
4369, 25.603516, 5.14, -1.82, -2.40, 12.32, -5.32, -5.46 , 1.22, -0.75, -2.96 
4375, 24.548828, 4.94, -4.68, 0.16, 7.76, -7.68, -2.10 , 1.22, -0.75, -2.96 
4382, 23.406250, 3.99, -3.46, -2.78, 12.79, -3.62, -3.35 , 1.22, -0.70, -2.74 
4388, 22.263672, 6.11, -0.14, 0.02, 8.83, -7.07, 0.42 , 1.22, -0.73, -2.88 
4395, 22.000000, 2.49, 0.65, 0.30, 15.31, -6.80, -7.96 , 1.22, -0.73, -2.88 
4401, 19.978516, 5.13, -0.71, 1.37, 16.57, -4.79, -2.28 , 1.22, -0.66, -2.59 
4408, 18.748047, 8.73, 0.83, -1.78, 15.11, -14.03, -5.01 , 1.21, -0.81, -3.17 
4414, 17.781250, 7.52, -0.43, -0.30, 17.67, -4.38, -3.43 , 1.21, -0.82, -3.20 
4421, 16.638672, 7.93, -0.34, 0.78, 18.27, -9.30, -4.07 , 1.21, -0.83, -3.27 
4427, 15.583984, 12.38, -0.23, 2.08, 19.10, -10.87, -5.38 , 1.21, -0.83, -3.27 
4434, 14.529297, 11.96, -1.66, 3.13, 17.65, -12.60, -8.94 , 1.21, -0.78, -3.06 
4440, 13.386719, 13.65, 2.28, 6.29, 19.61, -11.61, -10.62 , 1.23, -0.63, -2.48 
4447, 12.244141, 14.85, 2.36, 8.70, 18.81, -13.15, -11.69 , 1.23, -0.53, -2.09 
4464, 9.519531, 7.91, 4.68, 9.14, 6.83, -15.49, -6.74 , 1.27, -0.07, -0.26 
4470, 8.464844, 4.29, 14.45, 2.26, 3.55, -19.61, -9.02 , 1.27, 0.00, 0.02 
4477, 7.498047, 3.56, 19.61, -4.01, 1.85, -19.61, -8.06 , 1.27, -0.08, -0.31 
4483, 6.707031, 2.10, 18.17, -5.11, 3.81, -19.61, -10.47 , 1.27, -0.08, -0.31 
4490, 5.916016, 4.12, 16.77, -5.73, 5.22, -19.61, -5.95 , 1.27, -0.03, -0.12 
4496, 5.212891, 6.23, 14.91, -1.15, 8.65, -17.20, -6.72 , 1.28, 0.04, 0.16 
4503, 4.685547, 6.84, 8.72, -1.14, 7.96, -16.04, -6.83 , 1.28, 0.04, 0.16 
4510, 4.246094, 7.73, 11.18, -0.72, 9.63, -13.64, -7.09 , 1.28, 0.10, 0.40 
4516, 3.894531, 9.54, 9.57, 1.25, 10.98, -9.45, -8.73 , 1.29, 0.18, 0.70 
4523, 3.630859, 11.15, 5.60, 1.42, 13.14, -4.64, -11.14 , 1.29, 0.20, 0.80 
4529, 3.542969, 13.70, 4.94, 1.21, 15.42, 4.47, -12.75 , 1.29, 0.23, 0.90 
4536, 3.455078, 15.48, 2.45, 0.18, 19.52, 19.61, -8.13 , 1.28, 0.09, 0.35 
4542, 3.455078, 18.06, -1.28, -1.15, 19.61, 19.61, -0.61 , 1.28, 0.04, 0.16 
4549, 3.455078, 18.51, -5.98, -0.70, 19.61, 19.61, -1.10 , 1.27, 0.02, 0.06 
4555, 3.367188, 18.42, -5.84, -0.34, 19.05, 10.61, 0.88 , 1.27, -0.02, -0.08 
4562, 3.279297, 17.03, -2.14, 0.39, 17.73, 5.65, 7.28 , 1.28, 0.04, 0.16 
4568, 3.279297, 15.87, 4.75, -0.09, 16.34, 3.85, 12.40 , 1.28, 0.05, 0.21 
4575, 3.191406, 15.84, 7.02, -1.96, 16.13, -1.38, 9.09 , 1.28, 0.05, 0.21 
4582, 3.191406, 16.35, 9.18, -2.09, 16.37, -2.44, 4.43 , 1.28, 0.08, 0.30 
4588, 3.191406, 17.23, 10.55, -4.09, 16.76, 2.55, 1.65 , 1.28, 0.08, 0.30 
4595, 3.191406, 15.95, 9.72, -2.16, 14.30, -0.70, -0.88 , 1.28, 0.11, 0.45 
4601, 3.191406, 13.50, 10.12, -0.67, 13.17, 0.51, -1.16 , 1.28, 0.04, 0.16 
4608, 3.279297, 12.09, 10.30, 0.83, 11.64, -0.82, -2.14 , 1.28, 0.05, 0.21 
4614, 3.279297, 10.02, 9.03, 2.30, 10.25, 1.34, -3.28 , 1.28, 0.10, 0.40 
4621, 3.367188, 8.79, 6.80, 4.53, 8.50, 0.95, -5.72 , 1.28, 0.11, 0.45 
4627, 3.455078, 7.34, 6.31, 3.75, 7.41, -1.35, -7.13 , 1.28, 0.13, 0.50 
4634, 3.542969, 6.86, 4.69, 2.63, 6.38, -3.58, -7.60 , 1.29, 0.20, 0.80 
4640, 3.806641, 6.06, 3.45, 0.41, 6.22, -6.62, -7.09 , 1.29, 0.18, 0.70 
4647, 3.982422, 6.56, 1.22, -2.56, 6.63, -10.43, -5.16 , 1.29, 0.22, 0.85 
4653, 4.246094, 6.73, -0.13, -4.19, 7.41, -12.08, -4.39 , 1.29, 0.20, 0.80 
4660, 4.597656, 7.51, -1.99, -5.34, 8.54, -13.04, -4.40 , 1.29, 0.20, 0.80 
4666, 4.949219, 7.78, -3.08, -4.70, 9.61, -12.77, -2.04 , 1.29, 0.23, 0.90 
4673, 5.476562, 8.95, -5.26, -5.31, 10.86, -11.78, -1.31 , 1.29, 0.20, 0.80 
4679, 6.003906, 9.84, -5.46, -7.03, 11.04, -13.36, -2.92 , 1.29, 0.20, 0.80 
4686, 6.531250, 9.92, -7.47, -6.38, 9.49, -6.39, -5.85 , 1.29, 0.18, 0.70 
4693, 7.146484, 9.25, -5.89, -7.30, 9.82, -7.21, -2.89 , 1.29, 0.23, 0.90 
4699, 7.761719, 8.91, -6.26, -6.78, 8.48, -1.47, -2.21 , 1.29, 0.24, 0.95 
4706, 8.289062, 8.76, -6.85, -7.28, 6.45, -2.13, -2.88 , 1.29, 0.24, 0.95 
4712, 8.816406, 7.81, -6.77, -5.99, 4.47, 3.74, -3.19 , 1.29, 0.22, 0.85 
4719, 9.255859, 7.92, -7.67, -4.35, 2.92, 1.01, -1.83 , 1.29, 0.18, 0.70 
4725, 9.431641, 8.32, -7.17, -2.93, 3.68, 3.74, -3.22 , 1.28, 0.10, 0.40 
4732, 9.519531, 8.68, -6.96, -0.85, 3.99, -4.35, -2.16 , 1.28, 0.04, 0.16 
4738, 9.695312, 8.38, -9.87, -0.49, 6.90, -5.76, -3.23 , 1.27, -0.02, -0.08 
4745, 9.783203, 9.55, -9.31, -0.34, 7.98, -6.59, -3.34 , 1.27, -0.08, -0.31 
4751, 9.871094, 10.02, -6.11, -0.74, 8.68, -5.41, -3.38 , 1.27, -0.09, -0.36 
4758, 9.871094, 10.63, -4.63, -0.95, 9.26, -3.21, -3.74 , 1.27, -0.03, -0.12 
4764, 9.871094, 10.91, -1.30, -1.66, 10.02, -3.62, -3.05 , 1.27, 0.02, 0.06 
4771, 9.783203, 11.39, -1.10, -1.92, 10.32, -4.27, -3.73 , 1.27, -0.04, -0.17 
4777, 9.783203, 11.25, -0.50, -2.50, 10.49, -4.60, -3.67 , 1.27, -0.08, -0.31 
4784, 9.783203, 11.26, 0.39, -2.62, 10.49, -2.54, -3.43 , 1.27, -0.04, -0.17 
4791, 9.695312, 11.08, 1.37, -2.61, 10.44, -0.60, -2.79 , 1.27, -0.03, -0.12 
4797, 9.607422, 11.09, 2.17, -2.45, 10.44, -0.15, -2.39 , 1.27, -0.04, -0.17 
4804, 9.519531, 10.71, 2.13, -2.35, 10.26, 0.28, -2.56 , 1.28, 0.03, 0.11 
4810, 9.343750, 10.51, 1.94, -2.13, 10.00, 1.04, -2.51 , 1.27, -0.09, -0.36 
4817, 9.167969, 10.24, 2.21, -1.70, 10.10, 0.07, -2.92 , 1.27, -0.09, -0.36 
4823, 9.080078, 9.85, 1.67, -1.52, 9.56, 3.76, -3.31 , 1.27, -0.06, -0.22 
4830, 8.816406, 9.29, 3.56, -1.61, 9.36, 3.48, -3.16 , 1.27, -0.07, -0.26 
4836, 8.552734, 9.27, 3.69, -2.58, 9.46, 3.35, -2.88 , 1.27, -0.04, -0.17 
4843, 8.289062, 8.97, 2.70, -2.43, 9.13, 2.46, -2.74 , 1.27, -0.03, -0.12 
4849, 7.937500, 9.10, 2.55, -2.94, 9.16, 0.46, -2.52 , 1.27, -0.08, -0.31 
4856, 7.673828, 8.99, 2.73, -3.62, 8.79, 0.49, -2.18 , 1.27, -0.04, -0.17 
4862, 7.322266, 8.54, 2.22, -3.08, 9.38, 1.47, -3.18 , 1.27, -0.03, -0.12 
4869, 7.058594, 8.68, 2.94, -2.53, 8.92, -0.56, -1.67 , 1.27, -0.07, -0.26 
4875, 6.707031, 8.40, 2.54, -2.26, 8.88, -1.21, -2.66 , 1.27, -0.03, -0.12 
4882, 6.443359, 9.00, 2.72, -2.15, 8.53, -0.80, -1.58 , 1.27, 0.02, 0.06 
4889, 6.267578, 8.39, 2.98, -2.28, 9.42, -1.70, -2.73 , 1.28, 0.03, 0.11 
4895, 6.003906, 9.19, 2.48, -1.30, 9.32, -1.75, -2.05 , 1.28, 0.03, 0.11 
4902, 5.828125, 9.35, 1.19, -1.44, 9.72, -1.94, -1.84 , 1.27, -0.03, -0.12 
4908, 5.740234, 9.59, 1.47, -1.24, 9.83, -1.75, -1.73 , 1.28, 0.04, 0.16 
4915, 5.652344, 9.71, 1.60, -1.02, 9.74, 0.12, -1.91 , 1.28, 0.05, 0.21 
4921, 5.564453, 9.96, 2.44, -1.27, 10.13, -1.20, -2.22 , 1.28, 0.05, 0.21 
4928, 5.476562, 9.77, 1.81, -1.15, 9.75, -1.61, -2.24 , 1.26, -0.15, -0.58 
4934, 5.476562, 9.67, 0.51, -1.16, 9.51, -1.98, -2.13 , 1.28, 0.08, 0.30 
4941, 5.388672, 9.45, -0.10, -1.16, 8.83, 1.90, -2.34 , 1.28, 0.11, 0.45 
4947, 5.300781, 9.01, 2.26, -2.19, 9.38, -2.62, -1.91 , 1.28, 0.04, 0.16 
4954, 5.300781, 9.22, -0.29, -1.80, 8.63, -2.29, -2.77 , 1.28, 0.04, 0.16 
4960, 5.212891, 8.77, -2.93, -1.92, 8.65, -2.56, -2.34 , 1.28, 0.04, 0.16 
4967, 5.300781, 8.90, -1.96, -1.84, 8.68, -2.39, -2.37 , 1.28, 0.04, 0.16 
4973, 5.212891, 8.84, -0.86, -1.60, 8.62, -1.33, -2.54 , 1.28, 0.03, 0.11 
4980, 5.212891, 8.95, -2.05, -0.99, 8.52, -2.71, -2.81 , 1.28, 0.04, 0.16 
4986, 5.212891, 9.25, -3.16, -1.13, 8.59, -2.31, -2.92 , 1.28, 0.04, 0.16 
4993, 5.300781, 9.31, -3.61, -0.65, 8.60, -3.05, -2.90 , 1.28, 0.04, 0.16 
4999, 5.212891, 9.41, -3.40, -0.48, 8.60, -3.31, -2.78 , 1.28, 0.04, 0.16 
5006, 5.212891, 9.36, -3.44, -0.36, 8.53, -3.57, -3.35 , 1.28, 0.03, 0.11 
5013, 5.212891, 9.47, -3.37, -0.96, 8.52, -4.05, -3.27 , 1.28, 0.04, 0.16 
5019, 5.300781, 9.50, -3.14, -1.24, 8.57, -4.30, -2.98 , 1.27, -0.02, -0.08 
5026, 5.300781, 9.53, -2.68, -1.70, 8.81, -4.53, -2.96 , 1.28, 0.04, 0.16 
5032, 5.212891, 9.75, -2.47, -2.10, 8.84, -4.21, -2.77 , 1.28, 0.04, 0.16 
5039, 5.212891, 9.78, -1.97, -2.19, 9.13, -4.65, -3.09 , 1.28, 0.04, 0.16 
5045, 5.212891, 9.92, -1.76, -2.23, 8.95, -3.85, -3.10 , 1.28, 0.05, 0.21 
5052, 5.212891, 9.75, -1.81, -2.20, 9.02, -3.61, -2.90 , 1.28, 0.04, 0.16 
5058, 5.300781, 9.56, -1.84, -1.92, 8.89, -3.01, -2.56 , 1.28, 0.04, 0.16 
5065, 5.212891, 9.41, -1.87, -1.80, 8.69, -2.14, -2.23 , 1.28, 0.04, 0.16 
5071, 5.212891, 9.11, -1.85, -1.75, 8.54, -1.51, -2.31 , 1.28, 0.04, 0.16 
5078, 5.300781, 8.96, -1.68, -1.59, 8.49, -1.23, -2.20 , 1.28, 0.04, 0.16 
5084, 5.300781, 8.96, -1.01, -1.84, 7.86, -1.14, -2.20 , 1.28, 0.04, 0.16 
5091, 5.300781, 9.27, -1.80, -3.76, 9.62, 0.22, -1.82 , 1.28, 0.04, 0.16 
5097, 5.212891, 9.70, -0.01, -2.44, 8.48, -3.02, -3.09 , 1.28, 0.04, 0.16 
5104, 5.300781, 8.98, 2.39, -3.28, 9.03, -2.32, -2.68 , 1.28, 0.04, 0.16 
5110, 5.212891, 9.16, 2.45, -3.04, 8.91, -2.34, -3.22 , 1.28, 0.04, 0.16 
5117, 5.300781, 9.21, 2.30, -3.03, 9.04, -2.30, -3.25 , 1.28, 0.04, 0.16 
5123, 5.212891, 9.26, 3.07, -3.06, 9.26, -1.97, -3.30 , 1.28, 0.04, 0.16 
5130, 5.300781, 9.41, 3.52, -2.81, 9.51, -1.89, -3.56 , 1.28, 0.04, 0.16 
5136, 5.212891, 9.68, 3.40, -2.77, 9.72, -1.39, -3.78 , 1.28, 0.04, 0.16 
5143, 5.300781, 9.84, 3.02, -2.79, 9.91, -0.86, -4.23 , 1.28, 0.04, 0.16 
5149, 5.212891, 10.00, 2.51, -2.65, 10.02, -0.58, -3.93 , 1.28, 0.04, 0.16 
5156, 5.212891, 10.09, 1.75, -2.66, 10.08, -0.66, -4.35 , 1.28, 0.04, 0.16 
5163, 5.300781, 10.24, 0.99, -2.78, 10.30, -1.30, -4.47 , 1.28, 0.04, 0.16 
5169, 5.300781, 10.47, -0.10, -2.66, 10.44, -4.16, -4.42 , 1.28, 0.05, 0.21 
5176, 5.300781, 10.74, -1.87, -2.55, 10.66, -3.49, -4.34 , 1.28, 0.07, 0.26 
5182, 5.300781, 10.67, -1.92, -2.83, 10.64, -3.21, -4.00 , 1.28, 0.07, 0.26 
5189, 5.300781, 10.99, -2.54, -2.86, 11.15, -3.41, -3.75 , 1.28, 0.13, 0.50 
5195, 5.300781, 11.71, -2.80, -3.12, 11.77, -3.79, -3.73 , 1.28, 0.11, 0.45 
5202, 5.388672, 12.42, -3.71, -3.32, 12.28, -4.29, -3.29 , 1.28, 0.13, 0.50 
5208, 5.564453, 12.92, -3.09, -3.45, 12.46, -4.34, -3.02 , 1.28, 0.17, 0.65 
5215, 5.740234, 13.18, -2.82, -2.70, 12.71, -4.31, -2.42 , 1.28, 0.14, 0.55 
5221, 5.916016, 13.24, -2.59, -2.25, 12.83, -4.85, -2.02 , 1.28, 0.10, 0.40 
5228, 6.091797, 13.54, -1.92, -1.73, 13.03, -4.61, -1.67 , 1.28, 0.10, 0.40 
5234, 6.267578, 13.63, -1.83, -1.37, 13.48, -4.03, -1.56 , 1.28, 0.08, 0.30 
5241, 6.443359, 13.79, -1.36, -1.42, 13.41, -3.34, -1.04 , 1.28, 0.11, 0.45 
5247, 6.707031, 13.55, -1.43, -1.57, 13.25, -1.78, -0.77 , 1.28, 0.11, 0.45 
5254, 6.970703, 13.36, -0.90, -1.50, 13.09, -1.37, -0.45 , 1.29, 0.18, 0.70 
5260, 7.146484, 12.89, -1.22, -1.22, 12.70, -0.63, -0.19 , 1.29, 0.18, 0.70 
5267, 7.322266, 12.39, -1.28, -1.19, 12.24, 0.43, 0.36 , 1.29, 0.19, 0.75 
5274, 7.585938, 11.72, -1.44, -0.61, 11.86, -0.46, 0.61 , 1.29, 0.18, 0.70 
5280, 7.849609, 11.48, -1.97, -0.47, 12.08, -1.12, 0.11 , 1.29, 0.18, 0.70 
5287, 8.113281, 10.61, -2.22, -0.20, 11.06, -0.21, -0.09 , 1.29, 0.22, 0.85 
5293, 8.464844, 10.23, -1.91, 0.27, 10.96, -1.16, -1.19 , 1.29, 0.24, 0.95 
5300, 8.816406, 9.60, -1.99, 0.33, 11.48, -2.60, -2.26 , 1.29, 0.24, 0.95 
5306, 9.255859, 9.98, -2.14, 0.54, 10.21, -2.85, -3.06 , 1.29, 0.24, 0.95 
5313, 9.783203, 8.52, -1.81, 0.38, 10.55, -1.47, -5.19 , 1.29, 0.24, 0.95 
5319, 10.398438, 8.36, -2.39, 0.26, 9.13, -3.06, -4.08 , 1.29, 0.27, 1.05 
5326, 11.013672, 7.57, -2.63, -0.55, 10.02, -2.32, -4.82 , 1.29, 0.27, 1.05 
5332, 11.716797, 7.26, -3.06, -0.97, 9.53, -0.94, -4.35 , 1.29, 0.29, 1.16 
5339, 12.507812, 7.70, -3.36, -1.92, 10.38, -2.85, -4.18 , 1.29, 0.32, 1.26 
5345, 13.386719, 8.20, -2.79, -1.65, 12.18, -4.83, -5.36 , 1.29, 0.31, 1.21 
5352, 14.265625, 8.33, -2.36, -2.05, 11.73, -6.81, -4.98 , 1.29, 0.32, 1.26 
5359, 15.320312, 8.27, -4.04, -1.59, 11.46, -6.70, -5.22 , 1.29, 0.32, 1.26 
5365, 16.375000, 9.49, -3.56, 0.20, 13.21, -2.53, -5.84 , 1.30, 0.42, 1.63 
5372, 17.341797, 9.78, -4.29, 1.11, 11.73, -3.46, -4.26 , 1.30, 0.47, 1.85 
5378, 18.396484, 9.96, -2.31, 1.07, 12.05, -1.42, -3.20 , 1.31, 0.53, 2.07 
5385, 19.451172, 10.87, -4.73, 0.34, 11.95, 1.84, -3.32 , 1.30, 0.50, 1.96 
5391, 20.681641, 12.02, -4.28, 0.62, 11.94, -1.92, -1.73 , 1.30, 0.50, 1.96 
5398, 21.736328, 12.31, -6.96, 0.25, 11.73, -4.10, -1.60 , 1.30, 0.47, 1.85 
5404, 21.912109, 13.59, -6.59, 0.14, 9.59, -4.23, -1.92 , 1.30, 0.46, 1.80 
5411, 23.933594, 12.83, -5.36, -0.98, 10.32, -7.07, -4.30 , 1.30, 0.46, 1.80 
5417, 25.076172, 13.64, -5.76, -1.03, 4.15, -6.05, -2.49 , 1.30, 0.46, 1.80 
5424, 26.042969, 12.09, -3.26, -2.62, 6.90, -8.09, -4.61 , 1.30, 0.47, 1.85 
5430, 26.921875, 13.06, -1.08, -2.01, 2.84, -3.11, -3.08 , 1.30, 0.46, 1.80 
5437, 27.712891, 13.24, 1.39, -1.62, -0.08, -2.34, -1.15 , 1.30, 0.48, 1.90 
5444, 28.503906, 11.61, 0.98, -1.28, 3.07, -7.71, -0.22 , 1.30, 0.43, 1.69 
5450, 29.294922, 11.91, -2.72, -0.97, 2.83, -12.26, 1.11 , 1.30, 0.42, 1.63 
5457, 29.998047, 12.33, -5.00, -2.94, 1.46, -10.32, -1.18 , 1.29, 0.31, 1.21 
5463, 30.701172, 11.22, -3.83, -4.09, 1.15, -10.07, 0.19 , 1.29, 0.27, 1.05 
5470, 31.404297, 9.70, -5.77, -3.25, 0.53, -8.22, -1.00 , 1.29, 0.24, 0.95 
5476, 32.019531, 10.05, -4.83, -2.77, -0.73, -5.78, 0.58 , 1.29, 0.23, 0.90 
5483, 32.546875, 9.78, -1.99, -2.39, 0.13, -5.32, 0.81 , 1.29, 0.23, 0.90 
5489, 32.986328, 10.45, -1.79, -1.91, 0.43, -2.98, -0.23 , 1.29, 0.18, 0.70 
5496, 33.337891, 10.18, -0.38, -0.97, -1.26, -2.78, -0.64 , 1.28, 0.17, 0.65 
5502, 33.601562, 10.39, 0.76, -0.52, -0.98, -2.93, -1.13 , 1.28, 0.11, 0.45 
5509, 33.953125, 10.39, 0.39, -0.60, -0.14, -3.67, 0.20 , 1.28, 0.10, 0.40 
5515, 34.041016, 10.24, -0.53, -0.62, -0.82, -2.19, -1.03 , 1.28, 0.13, 0.50 
5522, 34.041016, 10.41, -0.59, -0.13, 0.41, -10.14, -1.17 , 1.28, 0.07, 0.26 
5528, 34.041016, 9.14, -2.86, -0.46, 1.59, -10.62, -0.05 , 1.28, 0.05, 0.21 
5535, 34.041016, 8.99, -3.01, -0.24, 1.05, -9.26, -1.18 , 1.28, 0.03, 0.11 
5542, 34.128906, 9.11, -1.48, -0.11, 1.42, -8.66, -0.35 , 1.28, 0.04, 0.16 
5548, 34.041016, 9.11, -1.40, 0.45, 1.42, -6.98, -0.63 , 1.27, 0.02, 0.06 
5555, 34.041016, 8.99, -0.84, 0.47, 1.58, -7.66, -0.90 , 1.27, 0.00, 0.02 
5561, 34.041016, 9.06, -1.96, 0.83, 1.64, -8.11, -1.33 , 1.27, -0.02, -0.08 
5568, 34.041016, 9.20, -1.54, 0.32, 2.00, -9.07, -0.80 , 1.28, 0.04, 0.16 
5574, 33.953125, 9.20, -1.41, 0.32, 1.68, -6.23, -0.84 , 1.28, 0.03, 0.11 
5581, 33.865234, 9.57, 0.11, 0.13, 1.89, -6.31, -1.50 , 1.28, 0.04, 0.16 
5587, 33.689453, 9.64, -0.69, 0.04, 2.11, -7.23, -1.98 , 1.27, -0.02, -0.08 
5594, 33.513672, 9.59, -1.17, -0.33, 2.04, -8.15, -1.86 , 1.27, -0.03, -0.12 
5600, 33.425781, 9.58, -1.74, -0.56, 2.63, -9.76, -2.00 , 1.27, -0.11, -0.45 
5617, 32.986328, 9.20, -1.86, -0.98, 2.97, -10.39, -2.72 , 1.26, -0.18, -0.72 
5623, 32.810547, 9.30, -1.10, -0.80, 2.72, -7.53, -2.10 , 1.26, -0.17, -0.67 
5630, 32.458984, 9.45, 0.47, -0.58, 2.93, -4.07, -1.33 , 1.26, -0.14, -0.54 
5637, 32.107422, 9.90, 2.63, -1.02, 2.25, -3.71, -0.71 , 1.27, -0.10, -0.40 
5643, 31.755859, 9.93, 1.87, -1.35, 2.80, -6.39, -0.85 , 1.26, -0.14, -0.54 
5650, 31.316406, 9.42, 1.45, -1.26, 3.47, -8.29, -1.11 , 1.25, -0.27, -1.07 
5656, 30.876953, 9.33, 0.90, -1.16, 3.97, -10.13, -1.29 , 1.26, -0.15, -0.58 
5663, 30.349609, 9.43, 0.67, -0.57, 4.19, -6.92, -1.38 , 1.26, -0.15, -0.58 
5669, 29.822266, 9.53, 2.71, -0.67, 4.41, -8.42, -0.52 , 1.26, -0.22, -0.85 
5676, 29.294922, 9.74, 0.81, -0.75, 5.30, -10.98, -1.47 , 1.26, -0.19, -0.76 
5682, 28.767578, 9.02, 0.21, -0.62, 4.57, -6.96, -1.98 , 1.27, -0.13, -0.49 
5689, 28.240234, 8.71, 1.91, -0.17, 6.56, -7.65, -0.62 , 1.26, -0.18, -0.72 
5695, 27.625000, 9.88, 2.60, -1.53, 7.35, -7.30, -2.08 , 1.26, -0.16, -0.63 
5702, 27.009766, 10.14, -0.33, 1.52, 7.29, -7.53, -2.44 , 1.26, -0.16, -0.63 
5708, 26.306641, 9.42, 3.44, -0.23, 8.62, -7.94, 0.72 , 1.26, -0.25, -0.98 
5715, 25.691406, 9.13, 0.83, 0.64, 7.36, -9.87, -3.59 , 1.26, -0.26, -1.02 
5721, 25.076172, 9.15, -0.45, 0.70, 5.70, -3.69, -0.96 , 1.26, -0.16, -0.63 
5728, 24.285156, 9.49, 1.22, -0.60, 6.37, -2.52, 0.30 , 1.26, -0.15, -0.58 
5734, 23.582031, 9.80, -1.28, -0.31, 8.11, -6.32, -1.24 , 1.25, -0.30, -1.19 
5741, 22.878906, 10.42, 0.66, -0.82, 4.94, -10.41, 0.51 , 1.25, -0.29, -1.15 
5747, 22.087891, 8.40, -1.08, -2.45, 6.31, -4.35, -2.66 , 1.26, -0.25, -0.98 
5754, 22.000000, 8.90, -1.17, 1.72, 9.72, -3.83, -0.26 , 1.26, -0.19, -0.76 
5761, 20.417969, 9.11, 0.07, 1.53, 10.15, -7.69, -2.00 , 1.27, -0.13, -0.49 
5767, 19.626953, 10.01, -1.88, -0.51, 8.56, -9.27, -1.84 , 1.26, -0.14, -0.54 
5774, 19.011719, 8.20, -3.15, -1.20, 9.43, -12.76, -2.50 , 1.25, -0.30, -1.19 
5780, 18.308594, 8.83, -1.30, -1.61, 9.34, -13.07, -1.70 , 1.26, -0.26, -1.02 
5787, 17.693359, 8.56, -2.46, -0.42, 8.36, -5.59, -2.70 , 1.26, -0.19, -0.76 
5793, 16.902344, 10.03, 0.61, -1.23, 8.46, -4.79, 0.20 , 1.25, -0.27, -1.07 
5800, 16.199219, 8.48, 3.02, 0.53, 9.89, -6.78, -2.80 , 1.26, -0.23, -0.89 
5806, 15.583984, 9.41, -2.48, 0.45, 8.70, -3.23, -2.23 , 1.26, -0.16, -0.63 
5813, 14.792969, 9.57, 0.68, -0.02, 9.83, -3.73, -3.47 , 1.26, -0.16, -0.63 
5819, 14.089844, 10.69, 3.23, 1.06, 10.79, -6.00, -7.16 , 1.26, -0.20, -0.80 
5836, 12.156250, 12.54, -0.26, 0.93, 11.99, -19.61, -11.17 , 1.27, -0.13, -0.49 
5843, 11.365234, 14.12, 1.10, 2.40, 15.14, -19.61, -11.25 , 1.28, 0.03, 0.11 
5849, 10.662109, 15.71, 3.22, 2.11, 14.52, -19.61, -5.00 , 1.28, 0.11, 0.45 
5856, 10.134766, 16.02, 4.87, 0.66, 13.97, -19.61, 0.82 , 1.29, 0.20, 0.80 
5862, 9.695312, 13.25, 4.87, -2.60, 12.96, -19.61, -0.55 , 1.28, 0.17, 0.65 
5869, 9.431641, 12.37, 2.74, -4.13, 11.63, -14.15, -2.35 , 1.29, 0.18, 0.70 
5875, 9.343750, 11.01, 2.40, -5.15, 10.42, -4.42, -2.29 , 1.29, 0.19, 0.75 
5882, 9.343750, 9.84, 2.23, -5.26, 9.31, 3.81, -3.23 , 1.28, 0.14, 0.55 
5888, 9.343750, 9.16, 0.65, -2.97, 8.55, 6.51, -3.43 , 1.28, 0.15, 0.60 
5895, 9.343750, 8.01, -0.65, -0.40, 7.91, 6.39, -1.58 , 1.28, 0.09, 0.35 
5901, 9.343750, 7.71, -1.41, 0.83, 7.45, 3.53, 0.44 , 1.28, 0.07, 0.26 
5908, 9.343750, 7.56, -3.79, 1.13, 6.22, 1.29, 0.45 , 1.28, 0.04, 0.16 
5914, 9.255859, 7.53, -4.91, 0.07, 5.76, -2.00, 1.14 , 1.27, 0.02, 0.06 
5921, 9.255859, 7.71, -5.02, -1.07, 5.80, -2.03, 0.68 , 1.27, -0.02, -0.08 
5927, 9.167969, 8.23, -4.92, -1.05, 6.62, -1.13, -0.30 , 1.27, -0.04, -0.17 
5934, 9.080078, 8.73, -3.47, -0.21, 7.75, -1.01, -1.58 , 1.27, -0.13, -0.49 
5941, 8.992188, 9.31, -2.70, 0.10, 8.67, -0.60, -2.52 , 1.27, -0.08, -0.31 
5947, 8.816406, 9.59, -1.53, 0.59, 9.07, 1.69, -2.49 , 1.27, -0.08, -0.31 
5954, 8.464844, 9.94, 0.53, 0.51, 9.23, 0.49, -2.43 , 1.28, 0.03, 0.11 
5960, 8.201172, 10.19, 0.34, -0.05, 9.39, -0.21, -2.58 , 1.27, -0.02, -0.08 
5967, 7.937500, 10.55, 1.12, -0.46, 9.41, -4.26, -2.81 , 1.27, -0.06, -0.22 
5973, 7.761719, 10.21, -0.76, -0.98, 9.09, -5.25, -3.22 , 1.27, -0.07, -0.26 
5980, 7.585938, 10.12, -0.10, -1.56, 9.77, -4.09, -2.83 , 1.27, -0.10, -0.40 
5986, 7.234375, 10.00, 0.92, -1.69, 8.77, -2.09, -2.34 , 1.27, -0.03, -0.12 
5993, 6.970703, 9.83, 1.45, -2.29, 9.24, -1.94, -2.44 , 1.27, -0.07, -0.26 
5999, 6.619141, 10.87, 2.26, -2.93, 8.45, -2.40, -1.55 , 1.27, -0.04, -0.17 
6006, 6.355469, 9.43, 0.44, -2.50, 9.11, -2.56, -2.55 , 1.27, -0.08, -0.31 
6012, 6.003906, 9.73, 0.43, -2.05, 9.07, -2.20, -1.33 , 1.27, -0.03, -0.12 
6019, 5.652344, 9.26, 0.10, -1.56, 8.58, -1.10, -1.20 , 1.27, -0.07, -0.26 
6025, 5.300781, 9.33, -0.20, -1.14, 9.02, -0.68, -0.86 , 1.27, -0.03, -0.12 
6032, 5.037109, 8.82, -0.09, -0.85, 9.09, -1.06, -1.57 , 1.27, -0.04, -0.17 
6038, 4.685547, 9.18, -1.04, -0.54, 9.50, -0.15, -1.25 , 1.28, 0.08, 0.30 
6045, 4.333984, 9.19, -1.88, 0.68, 9.18, 0.07, -1.73 , 1.27, -0.07, -0.26 
6052, 3.982422, 9.54, -1.42, 0.01, 9.32, -1.97, -1.59 , 1.27, -0.04, -0.17 
6058, 3.806641, 9.76, -4.24, 0.80, 9.46, 1.40, -2.66 , 1.27, -0.02, -0.08 
6065, 3.455078, 10.44, -1.56, 0.11, 10.10, 2.11, -1.82 , 1.27, -0.02, -0.08 
6071, 3.191406, 10.87, -0.92, -0.05, 10.20, 4.45, -2.51 , 1.27, -0.01, -0.03 
6078, 2.839844, 10.77, -0.97, -1.22, 10.58, 2.72, -2.24 , 1.28, 0.03, 0.11 
6084, 2.576172, 11.08, -1.04, -1.45, 10.77, 1.39, -2.81 , 1.28, 0.03, 0.11 
6091, 2.400391, 11.26, -1.04, -1.95, 10.57, -0.97, -2.97 , 1.27, 0.00, 0.02 
6097, 2.224609, 11.12, -0.35, -1.94, 10.42, -1.63, -3.08 , 1.27, 0.02, 0.06 
6104, 2.136719, 11.02, 0.34, -1.77, 10.13, -1.59, -2.99 , 1.28, 0.04, 0.16 
6110, 1.960938, 10.66, 1.28, -1.67, 9.78, -2.05, -2.58 , 1.28, 0.05, 0.21 
6117, 1.873047, 10.35, 0.92, -1.95, 9.58, -2.26, -2.25 , 1.28, 0.08, 0.30 
6123, 1.785156, 10.16, 0.80, -1.78, 9.29, -1.59, -2.14 , 1.28, 0.09, 0.35 
6130, 1.785156, 10.00, 1.22, -1.84, 9.21, 0.31, -1.85 , 1.28, 0.07, 0.26 
6136, 1.785156, 9.85, 0.80, -1.65, 9.14, -0.11, -1.86 , 1.28, 0.11, 0.45 
6143, 1.785156, 9.86, -0.68, -1.58, 9.15, -0.49, -2.01 , 1.28, 0.05, 0.21 
6150, 1.785156, 9.85, -0.77, -1.41, 9.18, -0.12, -1.94 , 1.28, 0.05, 0.21 
6156, 1.785156, 9.83, -1.17, -1.52, 9.18, -0.74, -2.06 , 1.28, 0.04, 0.16 
6163, 1.785156, 9.90, -1.28, -1.40, 9.20, -1.09, -1.91 , 1.28, 0.07, 0.26 
6169, 1.785156, 9.90, -1.57, -1.11, 9.13, -1.27, -2.21 , 1.28, 0.04, 0.16 
6176, 1.785156, 9.87, -1.67, -1.12, 9.14, -1.86, -2.18 , 1.28, 0.07, 0.26 
6182, 1.785156, 9.92, -1.96, -1.14, 9.16, -2.42, -2.21 , 1.28, 0.07, 0.26 
6189, 1.785156, 9.81, -1.98, -1.08, 9.02, -2.50, -2.35 , 1.28, 0.04, 0.16 
6195, 1.785156, 9.88, -2.12, -1.26, 9.06, -2.67, -2.34 , 1.28, 0.05, 0.21 
6202, 1.785156, 9.86, -2.22, -1.36, 9.08, -2.76, -2.38 , 1.28, 0.07, 0.26 
6208, 1.785156, 9.93, -2.14, -1.50, 9.09, -2.60, -2.36 , 1.28, 0.07, 0.26 
6215, 1.785156, 9.87, -2.06, -1.41, 9.11, -2.65, -2.39 , 1.28, 0.07, 0.26 
6221, 1.785156, 9.91, -2.10, -1.61, 9.13, -2.66, -2.33 , 1.28, 0.07, 0.26 
6228, 1.785156, 9.94, -1.91, -1.53, 9.18, -2.58, -2.33 , 1.28, 0.05, 0.21 
6234, 1.785156, 9.94, -1.96, -1.68, 9.24, -2.39, -2.21 , 1.28, 0.04, 0.16 
6241, 1.785156, 9.95, -2.07, -1.78, 9.11, -2.25, -2.45 , 1.28, 0.04, 0.16 
6247, 1.785156, 10.00, -2.10, -1.65, 9.20, -1.93, -2.44 , 1.28, 0.04, 0.16 
6254, 1.785156, 9.93, -2.08, -1.46, 9.13, -1.68, -2.44 , 1.28, 0.07, 0.26 
6260, 1.785156, 9.84, -2.03, -1.53, 9.05, -1.49, -2.41 , 1.28, 0.05, 0.21 
6267, 1.785156, 9.82, -1.99, -1.45, 9.04, -1.27, -2.30 , 1.28, 0.04, 0.16 
6273, 1.785156, 9.82, -1.94, -1.28, 9.08, -1.16, -2.37 , 1.28, 0.05, 0.21 
6280, 1.785156, 9.84, -1.81, -1.18, 9.07, -1.17, -2.23 , 1.28, 0.07, 0.26 
6286, 1.785156, 9.83, -1.59, -1.13, 9.11, -1.18, -2.14 , 1.28, 0.05, 0.21 
6293, 1.785156, 9.83, -1.41, -0.95, 9.16, -1.18, -2.12 , 1.28, 0.07, 0.26 
6299, 1.785156, 9.98, -1.31, -1.06, 9.25, -1.14, -2.20 , 1.28, 0.04, 0.16 
6306, 1.785156, 10.01, -1.07, -0.96, 9.32, -1.00, -2.12 , 1.28, 0.05, 0.21 
6312, 1.785156, 9.94, -1.01, -1.01, 9.33, -1.10, -2.07 , 1.28, 0.05, 0.21 
6319, 1.785156, 10.06, -0.82, -0.99, 9.36, -0.99, -2.10 , 1.28, 0.04, 0.16 
6326, 1.785156, 10.11, -0.74, -0.97, 9.36, -1.03, -2.18 , 1.28, 0.05, 0.21 
6332, 1.785156, 10.05, -0.66, -0.96, 9.39, -1.09, -2.14 , 1.28, 0.04, 0.16 
6339, 1.785156, 10.11, -0.63, -1.13, 9.50, -1.12, -2.14 , 1.28, 0.04, 0.16 
6345, 1.785156, 10.12, -0.69, -1.23, 9.41, -1.20, -2.31 , 1.28, 0.05, 0.21 
6352, 1.785156, 10.15, -0.73, -1.27, 9.37, -1.14, -2.18 , 1.28, 0.04, 0.16 
6358, 1.785156, 10.11, -0.75, -1.43, 9.41, -1.15, -2.17 , 1.28, 0.07, 0.26 
6365, 1.785156, 10.10, -0.97, -1.44, 9.39, -1.17, -2.33 , 1.28, 0.04, 0.16 
6371, 1.785156, 10.00, -0.97, -1.47, 9.33, -1.09, -2.25 , 1.28, 0.05, 0.21 
6378, 1.785156, 9.99, -1.14, -1.42, 9.25, -1.28, -2.17 , 1.28, 0.04, 0.16 
6384, 1.785156, 9.91, -1.24, -1.49, 9.16, -1.11, -2.17 , 1.28, 0.05, 0.21 
6391, 1.785156, 9.91, -1.27, -1.47, 9.09, -1.18, -2.27 , 1.28, 0.07, 0.26 
6397, 1.785156, 9.81, -1.21, -1.40, 9.01, -1.17, -2.32 , 1.28, 0.05, 0.21 
6404, 1.785156, 9.74, -1.23, -1.29, 9.05, -1.32, -2.21 , 1.28, 0.07, 0.26 
6410, 1.785156, 9.77, -1.26, -1.30, 9.00, -1.52, -2.20 , 1.28, 0.04, 0.16 
6417, 1.785156, 9.78, -1.16, -1.31, 9.08, -1.57, -2.33 , 1.28, 0.05, 0.21 
6423, 1.785156, 9.83, -1.30, -1.38, 9.07, -1.80, -2.39 , 1.28, 0.04, 0.16 
6430, 1.785156, 9.86, -1.29, -1.33, 9.15, -1.78, -2.23 , 1.28, 0.05, 0.21 
6436, 1.785156, 9.87, -1.34, -1.41, 9.23, -2.02, -2.41 , 1.28, 0.04, 0.16 
6443, 1.785156, 10.04, -1.44, -1.44, 9.31, -1.98, -2.34 , 1.28, 0.04, 0.16 
6449, 1.785156, 10.11, -1.56, -1.37, 9.24, -2.06, -2.29 , 1.28, 0.05, 0.21 
6456, 1.785156, 10.26, -1.69, -1.56, 9.37, -2.11, -2.27 , 1.28, 0.08, 0.30 
6463, 1.785156, 10.09, -1.75, -1.39, 9.25, -1.90, -2.46 , 1.28, 0.04, 0.16 
6469, 1.785156, 10.10, -1.84, -1.36, 9.26, -1.96, -2.28 , 1.28, 0.07, 0.26 
6476, 1.785156, 9.98, -1.97, -1.37, 9.24, -2.05, -2.31 , 1.28, 0.05, 0.21 
6482, 1.785156, 10.01, -1.99, -1.26, 9.24, -1.72, -2.26 , 1.28, 0.04, 0.16 
6489, 1.785156, 9.94, -1.99, -1.16, 9.18, -1.86, -2.24 , 1.28, 0.07, 0.26 
6495, 1.785156, 9.91, -1.99, -1.20, 9.13, -1.70, -2.33 , 1.28, 0.05, 0.21 
6502, 1.785156, 9.86, -1.94, -1.09, 9.06, -1.70, -2.22 , 1.28, 0.07, 0.26 
6508, 1.785156, 9.85, -1.87, -1.10, 9.11, -1.73, -2.29 , 1.28, 0.05, 0.21 
6515, 1.785156, 9.78, -1.73, -1.09, 9.04, -1.61, -2.23 , 1.28, 0.08, 0.30 
6521, 1.785156, 9.80, -1.65, -1.00, 9.06, -1.69, -2.20 , 1.28, 0.08, 0.30 
6528, 1.785156, 9.79, -1.57, -1.06, 9.02, -1.66, -2.14 , 1.28, 0.07, 0.26 
6534, 1.785156, 9.83, -1.45, -1.13, 9.04, -1.78, -2.09 , 1.28, 0.17, 0.65 
6541, 1.785156, 9.78, -1.47, -1.16, 9.03, -1.83, -2.11 , 1.27, 0.00, 0.02 
6547, 1.785156, 10.17, -1.31, -1.03, 9.05, -3.01, -2.06 , 1.27, -0.02, -0.08 
6554, 1.785156, 9.81, -1.37, -1.40, 9.46, -0.95, -2.21 , 1.27, 0.00, 0.02 
6560, 1.785156, 10.05, -1.14, -1.26, 9.26, -0.59, -2.02 , 1.28, 0.07, 0.26 
6567, 1.785156, 10.03, -1.74, -0.93, 9.26, -1.97, -2.16 , 1.29, 0.19, 0.75 
6573, 1.785156, 10.06, -1.19, -1.06, 9.29, -2.54, -2.23 , 1.27, 0.00, 0.02 
6580, 1.785156, 10.05, -1.42, -1.56, 9.11, -2.67, -2.04 , 1.27, -0.08, -0.31 
6586, 1.873047, 9.70, -2.09, -1.72, 9.29, -0.93, -2.27 , 1.28, 0.04, 0.16 
6593, 1.873047, 10.01, -0.94, -0.94, 9.14, -0.36, -2.19 , 1.28, 0.07, 0.26 
6599, 1.785156, 10.10, -1.82, -0.68, 9.13, -3.58, -2.21 , 1.28, 0.10, 0.40 
6606, 1.785156, 9.90, -2.09, -1.99, 9.02, -1.47, -2.41 , 1.28, 0.05, 0.21 
6613, 1.785156, 9.83, -1.46, -1.45, 9.00, -1.64, -2.26 , 1.28, 0.08, 0.30 
6619, 1.785156, 9.63, -1.50, -1.17, 8.93, -2.20, -2.40 , 1.28, 0.04, 0.16 
6626, 1.785156, 9.76, -1.60, -1.40, 8.99, -2.01, -2.19 , 1.28, 0.07, 0.26 
6632, 1.785156, 9.78, -1.70, -1.32, 9.02, -1.97, -2.36 , 1.28, 0.07, 0.26 
6639, 1.785156, 9.79, -1.69, -1.27, 9.06, -2.08, -2.30 , 1.28, 0.10, 0.40 
6645, 1.785156, 9.77, -1.70, -1.26, 8.97, -2.24, -2.25 , 1.28, 0.04, 0.16 
6652, 1.785156, 9.87, -1.61, -1.29, 9.09, -2.35, -2.29 , 1.28, 0.08, 0.30 
6658, 1.785156, 9.89, -1.84, -1.48, 9.08, -2.36, -2.32 , 1.28, 0.07, 0.26 
6665, 1.785156, 9.88, -1.72, -1.19, 9.17, -2.07, -2.20 , 1.28, 0.05, 0.21 
6671, 1.785156, 9.94, -1.80, -1.35, 9.21, -2.15, -2.30 , 1.28, 0.07, 0.26 
6678, 1.785156, 9.87, -1.92, -1.34, 9.18, -1.95, -2.23 , 1.28, 0.05, 0.21 
6684, 1.785156, 9.96, -1.84, -1.25, 9.24, -1.87, -2.18 , 1.28, 0.07, 0.26 
6691, 1.785156, 10.06, -1.80, -1.34, 9.24, -1.90, -2.29 , 1.28, 0.09, 0.35 
6697, 1.785156, 10.04, -1.71, -1.16, 9.20, -1.90, -2.32 , 1.28, 0.05, 0.21 
6704, 1.785156, 10.00, -1.61, -1.25, 9.20, -1.91, -2.26 , 1.28, 0.07, 0.26 
6710, 1.785156, 9.99, -1.73, -1.34, 9.19, -1.92, -2.36 , 1.28, 0.07, 0.26 
6717, 1.785156, 9.93, -1.59, -1.24, 9.22, -1.63, -2.35 , 1.28, 0.07, 0.26 
6723, 1.785156, 9.94, -1.62, -1.18, 9.15, -1.71, -2.31 , 1.28, 0.05, 0.21 
6730, 1.785156, 9.90, -1.50, -1.30, 9.11, -1.58, -2.37 , 1.28, 0.05, 0.21 
6736, 1.785156, 9.86, -1.61, -1.21, 9.20, -1.54, -2.44 , 1.28, 0.05, 0.21 
6743, 1.785156, 9.96, -1.46, -1.20, 9.12, -1.47, -2.32 , 1.28, 0.05, 0.21 
6749, 1.785156, 9.87, -1.41, -1.21, 9.19, -1.55, -2.35 , 1.28, 0.05, 0.21 
6756, 1.785156, 9.85, -1.38, -1.20, 9.16, -1.51, -2.32 , 1.28, 0.07, 0.26 
6762, 1.785156, 9.86, -1.21, -1.30, 9.18, -1.62, -2.27 , 1.28, 0.04, 0.16 
6769, 1.785156, 9.90, -1.32, -1.27, 9.17, -1.63, -2.24 , 1.28, 0.05, 0.21 
6775, 1.785156, 9.83, -1.34, -1.36, 9.11, -1.71, -2.20 , 1.28, 0.05, 0.21 
6782, 1.785156, 9.91, -1.36, -1.28, 9.17, -1.61, -2.23 , 1.28, 0.05, 0.21 
6789, 1.785156, 9.93, -1.30, -1.21, 9.15, -1.68, -2.22 , 1.28, 0.05, 0.21 
6795, 1.785156, 9.88, -1.43, -1.32, 9.15, -1.67, -2.20 , 1.28, 0.04, 0.16 
6802, 1.785156, 9.86, -1.42, -1.26, 9.23, -1.58, -2.30 , 1.28, 0.05, 0.21 
6808, 1.785156, 9.92, -1.44, -1.25, 9.21, -1.64, -2.36 , 1.28, 0.04, 0.16 
6815, 1.785156, 9.94, -1.51, -1.31, 9.24, -1.64, -2.25 , 1.28, 0.08, 0.30 
6821, 1.785156, 9.94, -1.51, -1.21, 9.12, -1.72, -2.31 , 1.28, 0.08, 0.30 
6828, 1.785156, 9.99, -1.46, -1.34, 9.16, -1.66, -2.25 , 1.28, 0.04, 0.16 
6834, 1.785156, 9.91, -1.58, -1.28, 9.16, -1.83, -2.24 , 1.28, 0.08, 0.30 
6841, 1.785156, 9.90, -1.72, -1.29, 9.16, -1.97, -2.26 , 1.28, 0.07, 0.26 
6847, 1.785156, 9.85, -1.64, -1.24, 9.10, -1.79, -2.25 , 1.28, 0.05, 0.21 
6854, 1.785156, 9.85, -1.70, -1.36, 9.09, -2.04, -2.35 , 1.28, 0.05, 0.21 
6860, 1.785156, 9.92, -1.69, -1.35, 9.15, -1.98, -2.38 , 1.28, 0.05, 0.21 
6867, 1.785156, 9.89, -1.72, -1.26, 9.11, -1.92, -2.28 , 1.28, 0.05, 0.21 
6873, 1.785156, 9.88, -1.79, -1.32, 9.12, -1.94, -2.34 , 1.28, 0.08, 0.30 
6880, 1.785156, 9.90, -1.77, -1.40, 9.07, -1.97, -2.44 , 1.28, 0.05, 0.21 
6886, 1.785156, 9.88, -1.79, -1.29, 9.07, -1.80, -2.48 , 1.28, 0.07, 0.26 
6893, 1.785156, 9.82, -1.68, -1.32, 9.10, -1.82, -2.46 , 1.28, 0.07, 0.26 
6899, 1.785156, 9.90, -1.69, -1.36, 9.10, -1.59, -2.37 , 1.28, 0.04, 0.16 
6906, 1.785156, 9.92, -1.68, -1.42, 9.13, -1.73, -2.40 , 1.28, 0.04, 0.16 
6912, 1.785156, 9.96, -1.62, -1.40, 9.22, -1.67, -2.44 , 1.28, 0.05, 0.21 
6919, 1.785156, 9.90, -1.59, -1.29, 9.18, -1.64, -2.40 , 1.28, 0.07, 0.26 
6925, 1.785156, 9.97, -1.52, -1.41, 9.17, -1.68, -2.37 , 1.28, 0.07, 0.26 
6932, 1.785156, 9.96, -1.40, -1.37, 9.18, -1.61, -2.47 , 1.28, 0.04, 0.16 
6938, 1.785156, 9.92, -1.41, -1.41, 9.22, -1.54, -2.38 , 1.28, 0.04, 0.16 
6945, 1.785156, 9.93, -1.46, -1.44, 9.19, -1.61, -2.43 , 1.28, 0.04, 0.16 
6951, 1.785156, 9.92, -1.43, -1.32, 9.21, -1.54, -2.39 , 1.28, 0.04, 0.16 
6958, 1.785156, 9.97, -1.41, -1.35, 9.19, -1.64, -2.36 , 1.28, 0.04, 0.16 
6965, 1.785156, 9.88, -1.31, -1.32, 9.12, -1.68, -2.33 , 1.28, 0.04, 0.16 
6971, 1.785156, 9.90, -1.36, -1.30, 9.17, -1.66, -2.31 , 1.28, 0.05, 0.21 
6978, 1.785156, 9.88, -1.40, -1.28, 9.06, -1.73, -2.27 , 1.28, 0.05, 0.21 
6984, 1.785156, 9.85, -1.35, -1.32, 9.09, -1.71, -2.30 , 1.28, 0.05, 0.21 
6991, 1.785156, 9.88, -1.45, -1.28, 9.11, -1.74, -2.35 , 1.28, 0.04, 0.16 
6997, 1.785156, 9.87, -1.46, -1.28, 9.06, -1.69, -2.35 , 1.28, 0.05, 0.21 
7004, 1.785156, 9.87, -1.44, -1.34, 9.09, -1.79, -2.23 , 1.28, 0.05, 0.21 
7010, 1.785156, 9.85, -1.46, -1.38, 9.12, -1.75, -2.29 , 1.28, 0.05, 0.21 
7017, 1.785156, 9.90, -1.51, -1.27, 9.15, -1.78, -2.35 , 1.28, 0.04, 0.16 
7023, 1.785156, 10.00, -1.47, -1.37, 9.22, -1.78, -2.36 , 1.28, 0.05, 0.21 
7030, 1.785156, 9.96, -1.55, -1.43, 9.29, -1.78, -2.36 , 1.28, 0.07, 0.26 
7036, 1.785156, 9.99, -1.56, -1.40, 9.33, -1.83, -2.32 , 1.28, 0.07, 0.26 
7043, 1.785156, 9.99, -1.57, -1.42, 9.28, -1.84, -2.40 , 1.28, 0.05, 0.21 
7049, 1.785156, 10.00, -1.56, -1.49, 9.19, -1.86, -2.33 , 1.28, 0.04, 0.16 
7056, 1.785156, 9.89, -1.65, -1.38, 9.15, -1.77, -2.34 , 1.28, 0.04, 0.16 
7062, 1.785156, 9.84, -1.60, -1.39, 9.17, -1.76, -2.38 , 1.28, 0.08, 0.30 
7069, 1.785156, 9.90, -1.67, -1.39, 9.12, -1.82, -2.35 , 1.28, 0.05, 0.21 
7075, 1.785156, 9.82, -1.50, -1.36, 9.08, -1.75, -2.35 , 1.28, 0.05, 0.21 
7082, 1.785156, 9.80, -1.50, -1.44, 9.07, -1.86, -2.40 , 1.27, -0.01, -0.03 
7088, 1.785156, 9.87, -1.56, -1.49, 9.05, -1.78, -2.40 , 1.28, 0.04, 0.16 
7095, 1.785156, 9.82, -1.65, -1.30, 9.04, -1.60, -2.45 , 1.28, 0.08, 0.30 
7101, 1.785156, 9.91, -1.55, -1.41, 8.99, -2.23, -2.41 , 1.28, 0.08, 0.30 
7108, 1.785156, 9.81, -1.39, -1.36, 9.07, -1.62, -2.48 , 1.28, 0.08, 0.30 
7114, 1.785156, 9.85, -1.46, -1.56, 9.16, -1.86, -2.44 , 1.28, 0.08, 0.30 
7121, 1.785156, 9.87, -1.52, -1.54, 9.14, -1.75, -2.38 , 1.28, 0.05, 0.21 
7127, 1.785156, 9.94, -1.47, -1.45, 9.13, -1.78, -2.39 , 1.28, 0.09, 0.35 
7134, 1.785156, 9.96, -1.50, -1.44, 9.21, -1.86, -2.35 , 1.28, 0.07, 0.26 
7141, 1.785156, 10.00, -1.48, -1.42, 9.19, -1.69, -2.34 , 1.28, 0.05, 0.21 
7147, 1.785156, 9.91, -1.61, -1.48, 9.22, -1.80, -2.31 , 1.28, 0.08, 0.30 
7154, 1.785156, 9.96, -1.64, -1.50, 9.28, -1.74, -2.35 , 1.28, 0.07, 0.26 
7160, 1.785156, 9.95, -1.47, -1.44, 9.17, -1.69, -2.28 , 1.28, 0.07, 0.26 
7167, 1.785156, 9.87, -1.55, -1.45, 9.12, -1.79, -2.30 , 1.28, 0.03, 0.11 
7173, 1.785156, 9.85, -1.50, -1.37, 9.11, -1.64, -2.23 , 1.28, 0.09, 0.35 
7180, 1.785156, 9.92, -1.59, -1.38, 9.05, -1.87, -2.32 , 1.28, 0.08, 0.30 
7186, 1.785156, 9.84, -1.36, -1.27, 9.05, -1.74, -2.21 , 1.28, 0.08, 0.30 
7193, 1.785156, 9.74, -1.42, -1.35, 8.98, -1.92, -2.32 , 1.28, 0.07, 0.26 
7199, 1.785156, 9.74, -1.43, -1.28, 9.03, -1.74, -2.32 , 1.28, 0.07, 0.26 
7206, 1.785156, 9.74, -1.47, -1.26, 8.99, -1.73, -2.34 , 1.28, 0.04, 0.16 
7212, 1.785156, 9.77, -1.39, -1.31, 9.01, -1.73, -2.22 , 1.28, 0.05, 0.21 
7219, 1.785156, 9.78, -1.47, -1.40, 9.17, -1.79, -2.38 , 1.28, 0.08, 0.30 
7225, 1.785156, 9.86, -1.47, -1.30, 9.14, -1.63, -2.34 , 1.28, 0.07, 0.26 
7232, 1.785156, 9.90, -1.34, -1.43, 9.14, -1.71, -2.40 , 1.28, 0.07, 0.26 
7238, 1.785156, 9.95, -1.47, -1.45, 9.21, -1.78, -2.41 , 1.28, 0.05, 0.21 
7245, 1.785156, 10.01, -1.51, -1.47, 9.28, -1.79, -2.35 , 1.28, 0.04, 0.16 
7251, 1.785156, 10.05, -1.48, -1.50, 9.31, -1.82, -2.27 , 1.28, 0.07, 0.26 
7258, 1.785156, 10.06, -1.55, -1.47, 9.26, -1.86, -2.35 , 1.28, 0.05, 0.21 
7264, 1.785156, 9.95, -1.48, -1.39, 9.19, -1.77, -2.31 , 1.28, 0.05, 0.21 
7271, 1.785156, 9.86, -1.52, -1.43, 9.13, -1.80, -2.35 , 1.28, 0.07, 0.26 
7277, 1.785156, 9.90, -1.53, -1.35, 9.14, -1.73, -2.30 , 1.28, 0.07, 0.26 
7284, 1.785156, 9.86, -1.57, -1.34, 9.03, -1.77, -2.24 , 1.28, 0.07, 0.26 
7290, 1.785156, 9.79, -1.55, -1.29, 9.08, -1.73, -2.32 , 1.28, 0.08, 0.30 
7297, 1.785156, 9.82, -1.48, -1.29, 9.00, -1.73, -2.38 , 1.28, 0.08, 0.30 
7304, 1.785156, 9.79, -1.49, -1.32, 9.03, -1.72, -2.40 , 1.28, 0.07, 0.26 
7310, 1.785156, 9.83, -1.42, -1.36, 9.03, -1.71, -2.39 , 1.28, 0.08, 0.30 
7317, 1.785156, 9.86, -1.46, -1.36, 9.05, -1.67, -2.34 , 1.28, 0.08, 0.30 
7323, 1.785156, 9.92, -1.44, -1.36, 9.12, -1.70, -2.36 , 1.28, 0.05, 0.21 
7330, 1.785156, 9.91, -1.50, -1.52, 9.18, -1.71, -2.38 , 1.28, 0.07, 0.26 
7336, 1.785156, 9.91, -1.51, -1.43, 9.25, -1.77, -2.38 , 1.28, 0.04, 0.16 
7343, 1.785156, 10.01, -1.45, -1.40, 9.22, -1.81, -2.39 , 1.28, 0.07, 0.26 
7349, 1.785156, 10.04, -1.54, -1.44, 9.28, -1.97, -2.36 , 1.28, 0.05, 0.21 
7356, 1.785156, 10.03, -1.41, -1.42, 9.27, -1.75, -2.23 , 1.28, 0.08, 0.30 
7362, 1.785156, 10.02, -1.55, -1.28, 9.22, -1.83, -2.32 , 1.28, 0.05, 0.21 
7369, 1.785156, 9.97, -1.48, -1.34, 9.17, -1.73, -2.27 , 1.28, 0.08, 0.30 
7375, 1.785156, 10.00, -1.67, -1.33, 9.12, -1.80, -2.30 , 1.28, 0.08, 0.30 
7382, 1.785156, 9.83, -1.64, -1.30, 9.12, -1.70, -2.21 , 1.28, 0.04, 0.16 
7388, 1.785156, 9.90, -1.57, -1.27, 9.13, -1.83, -2.21 , 1.28, 0.05, 0.21 
7395, 1.785156, 9.86, -1.56, -1.17, 9.03, -1.84, -2.24 , 1.28, 0.07, 0.26 
7401, 1.785156, 9.80, -1.57, -1.11, 9.05, -1.80, -2.22 , 1.28, 0.07, 0.26 
7408, 1.785156, 9.86, -1.53, -1.18, 9.08, -1.92, -2.24 , 1.28, 0.05, 0.21 
7414, 1.785156, 9.83, -1.46, -1.27, 9.13, -1.94, -2.29 , 1.28, 0.05, 0.21 
7421, 1.785156, 9.84, -1.64, -1.26, 9.07, -1.80, -2.35 , 1.28, 0.08, 0.30 
7427, 1.785156, 9.82, -1.59, -1.22, 9.13, -1.90, -2.32 , 1.28, 0.09, 0.35 
7434, 1.785156, 9.89, -1.59, -1.25, 9.14, -1.93, -2.26 , 1.28, 0.08, 0.30 
7440, 1.785156, 9.81, -1.60, -1.22, 9.18, -1.97, -2.30 , 1.28, 0.08, 0.30 
7447, 1.785156, 9.82, -1.64, -1.28, 9.14, -1.96, -2.28 , 1.28, 0.10, 0.40 
7453, 1.785156, 9.87, -1.59, -1.30, 9.13, -1.90, -2.31 , 1.28, 0.04, 0.16 
7460, 1.785156, 9.84, -1.55, -1.22, 9.06, -1.78, -2.25 , 1.28, 0.05, 0.21 
7467, 1.785156, 9.75, -1.71, -1.25, 9.08, -1.93, -2.32 , 1.28, 0.05, 0.21 
7473, 1.785156, 9.84, -1.65, -1.14, 9.06, -1.70, -2.30 , 1.28, 0.07, 0.26 
7480, 1.785156, 9.86, -1.61, -1.23, 9.07, -1.83, -2.23 , 1.28, 0.04, 0.16 
7486, 1.785156, 9.81, -1.58, -1.27, 9.07, -1.70, -2.26 , 1.28, 0.07, 0.26 
7493, 1.785156, 9.83, -1.64, -1.18, 9.01, -1.88, -2.25 , 1.28, 0.05, 0.21 
7499, 1.785156, 9.78, -1.50, -1.18, 9.02, -1.73, -2.13 , 1.28, 0.07, 0.26 
7506, 1.785156, 9.79, -1.56, -1.09, 9.08, -1.87, -2.24 , 1.28, 0.04, 0.16 
7512, 1.785156, 9.77, -1.56, -1.14, 9.14, -1.81, -2.24 , 1.28, 0.07, 0.26 
7519, 1.785156, 9.88, -1.60, -1.24, 9.07, -1.94, -2.33 , 1.28, 0.07, 0.26 
7525, 1.785156, 9.91, -1.56, -1.19, 9.13, -1.79, -2.26 , 1.28, 0.03, 0.11 
7532, 1.785156, 9.92, -1.58, -1.20, 9.13, -1.94, -2.25 , 1.28, 0.07, 0.26 
7538, 1.785156, 9.90, -1.67, -1.35, 9.18, -1.99, -2.23 , 1.28, 0.08, 0.30 
7545, 1.785156, 9.95, -1.60, -1.17, 9.19, -1.66, -2.22 , 1.28, 0.08, 0.30 
7551, 1.785156, 9.96, -1.53, -1.38, 9.15, -1.87, -2.32 , 1.28, 0.05, 0.21 
7558, 1.785156, 9.96, -1.50, -1.33, 9.21, -1.75, -2.42 , 1.28, 0.05, 0.21 
7564, 1.785156, 9.96, -1.65, -1.35, 9.17, -1.78, -2.32 , 1.28, 0.10, 0.40 
7571, 1.785156, 9.94, -1.73, -1.31, 9.20, -1.80, -2.32 , 1.28, 0.05, 0.21 
7577, 1.785156, 9.97, -1.53, -1.32, 9.13, -1.69, -2.28 , 1.28, 0.04, 0.16 
7584, 1.785156, 9.93, -1.73, -1.39, 9.18, -1.84, -2.39 , 1.28, 0.07, 0.26 
7590, 1.785156, 9.91, -1.69, -1.31, 9.11, -1.66, -2.40 , 1.28, 0.05, 0.21 
7597, 1.785156, 9.88, -1.56, -1.27, 9.17, -1.70, -2.32 , 1.28, 0.05, 0.21 
7603, 1.785156, 9.88, -1.55, -1.24, 9.10, -1.87, -2.21 , 1.28, 0.07, 0.26 
7610, 1.785156, 9.89, -1.61, -1.22, 9.15, -1.78, -2.21 , 1.28, 0.05, 0.21 
7616, 1.785156, 9.90, -1.58, -1.27, 9.16, -1.81, -2.30 , 1.28, 0.04, 0.16 
7623, 1.785156, 9.89, -1.57, -1.29, 9.12, -1.89, -2.26 , 1.28, 0.05, 0.21 
7629, 1.785156, 9.85, -1.61, -1.21, 9.11, -1.92, -2.23 , 1.28, 0.05, 0.21 
7636, 1.785156, 9.84, -1.55, -1.27, 9.08, -1.91, -2.32 , 1.28, 0.05, 0.21 
7642, 1.785156, 9.85, -1.63, -1.33, 9.16, -1.90, -2.24 , 1.28, 0.04, 0.16 
7649, 1.785156, 9.93, -1.62, -1.22, 9.11, -1.86, -2.20 , 1.28, 0.07, 0.26 
7656, 1.785156, 9.89, -1.58, -1.27, 9.11, -1.87, -2.28 , 1.28, 0.07, 0.26 
7662, 1.785156, 9.89, -
